1 0.35029733 64 37 256 240
1 0.110605225 126 80 189 213
1 0.08620084 133 56 182 173
1 0.0365974 116 75 294 232
1 0.034282118 179 59 225 176
1 0.026799174 72 68 161 238
1 0.020934913 97 63 140 168
1 0.01430333 31 56 204 190
1 0.011708103 137 33 175 125
1 0.010303648 112 105 211 240
1 0.010087647 109 0 211 216
1 0.009821192 183 30 222 132
1 0.0074705663 94 0 318 185
15 0.007180285 104 38 217 240
1 0.0068157255 68 29 246 150
1 0.0067910627 210 74 295 231
3 0.0066186446 72 56 253 240
1 0.0065660495 94 29 142 129
