21 0.1287862 101 87 221 224
21 0.097669505 0 77 320 230
21 0.091284946 147 87 265 223
21 0.056284804 119 64 197 182
1 0.046511203 0 77 320 230
9 0.04542551 0 77 320 230
21 0.043771382 66 92 164 222
18 0.03384097 81 64 149 170
9 0.029088544 101 87 221 224
17 0.026634494 0 77 320 230
1 0.02519013 101 87 221 224
18 0.022668803 121 55 203 171
1 0.02259875 119 64 197 182
18 0.021085788 77 104 153 193
9 0.020512134 66 92 164 222
15 0.020382645 0 77 320 230
14 0.017209098 0 77 320 230
1 0.01517951 77 104 153 193
9 0.012959873 147 87 265 223
3 0.012861169 0 77 320 230
18 0.012681 90 72 235 224
21 0.011135951 85 29 149 213
18 0.010774322 74 55 164 240
