2 0.24170218 74 68 161 228
13 0.13829604 57 21 182 240
18 0.06575018 57 21 182 240
19 0.06291664 74 68 161 228
15 0.06266048 57 21 182 240
20 0.042272788 57 21 182 240
21 0.037062094 57 21 182 240
4 0.027398333 57 21 182 240
5 0.024762435 74 68 161 228
3 0.023046112 57 21 182 240
13 0.022333024 78 34 143 240
4 0.020821763 0 28 41 151
4 0.019410199 0 78 92 217
13 0.017757948 106 48 213 240
4 0.016869118 0 23 85 158
19 0.015536722 36 87 199 224
2 0.015373636 110 61 207 232
6 0.015304808 0 28 41 151
20 0.015081305 78 34 143 240
17 0.013798475 57 21 182 240
2 0.013610857 6 73 135 219
