2 0.43899935 77 69 150 171
12 0.110591836 83 34 146 209
2 0.10019228 109 66 197 171
2 0.04819431 72 59 163 239
2 0.04819399 116 18 187 221
7 0.041849073 83 34 146 209
13 0.038784243 83 34 146 209
3 0.027553398 83 34 146 209
20 0.02688581 83 34 146 209
2 0.020902075 85 43 223 181
12 0.015359436 116 18 187 221
20 0.0141021935 59 56 166 170
2 0.010785996 152 53 255 175
2 0.010148353 17 57 125 178
7 0.009557055 116 18 187 221
13 0.009199531 59 56 166 170
19 0.009155053 77 69 150 171
12 0.00821839 225 69 281 171
13 0.007653507 116 18 187 221
2 0.007564746 108 51 207 117
6 0.007369572 83 34 146 209
21 0.0064378157 75 20 161 220
3 0.0063615358 116 18 187 221
20 0.005954591 116 18 187 221
