13 0.29065898 208 80 302 227
18 0.17823642 208 80 302 227
20 0.051465508 214 41 285 240
12 0.04885679 214 41 285 240
2 0.041810047 214 41 285 240
2 0.040575497 205 97 291 204
8 0.038774975 208 80 302 227
13 0.028479123 175 86 252 216
21 0.028100617 205 97 291 204
21 0.02276847 214 41 285 240
11 0.022373328 208 80 302 227
19 0.02012627 208 80 302 227
13 0.018943878 161 4 257 240
20 0.016854195 205 97 291 204
18 0.016500501 175 86 252 216
13 0.015492872 215 64 285 175
4 0.013102793 214 41 285 240
3 0.011795854 214 41 285 240
2 0.011301534 175 86 252 216
