2 0.20519578 53 105 98 202
7 0.12451334 43 50 106 240
6 0.09395352 43 45 105 204
6 0.065047465 53 82 97 168
7 0.06136526 53 82 97 168
2 0.0607386 43 50 106 240
2 0.0522296 81 98 141 214
2 0.052038148 217 101 282 209
13 0.030732408 43 45 105 204
2 0.030418938 165 100 249 211
2 0.030144319 73 35 149 240
7 0.024757113 73 35 149 240
13 0.023692338 53 82 97 168
4 0.023374528 43 50 106 240
2 0.022902867 226 50 278 240
7 0.01763537 226 50 278 240
7 0.017585699 0 59 71 240
12 0.017156828 51 76 109 221
2 0.016452074 117 38 202 240
4 0.014859808 53 82 97 168
2 0.014007989 8 94 50 220
