2 0.25620642 165 96 260 206
15 0.16232398 165 96 260 206
2 0.15946484 166 32 244 240
8 0.14701204 172 16 244 240
8 0.113484204 204 96 278 215
20 0.11277831 204 96 278 215
19 0.10679069 204 96 278 215
19 0.10185474 165 96 260 206
2 0.09165857 204 96 278 215
20 0.086308815 172 16 244 240
19 0.08170549 166 32 244 240
15 0.081101105 166 32 244 240
20 0.0790802 165 96 260 206
8 0.0763514 165 96 260 206
15 0.0722159 204 96 278 215
5 0.061378524 172 16 244 240
18 0.05784354 165 96 260 206
5 0.05120191 208 50 266 240
18 0.037663057 166 32 244 240
14 0.026258865 166 32 244 240
5 0.023024958 165 96 260 206
19 0.022371972 146 67 265 171
