2 0.21328066 56 108 99 202
2 0.10265357 84 101 138 206
7 0.10123343 45 55 107 240
2 0.09566427 55 81 101 167
2 0.08045808 45 55 107 240
2 0.066154726 219 103 279 206
2 0.05735443 79 40 141 240
2 0.046179473 165 101 250 208
7 0.0449435 55 81 101 167
7 0.037480347 79 40 141 240
6 0.03492058 45 47 108 200
7 0.0323897 56 108 99 202
2 0.028196452 130 94 201 214
13 0.025695287 45 55 107 240
2 0.025477216 227 51 275 240
2 0.025232721 206 77 295 222
6 0.024862971 55 81 101 167
2 0.024812294 171 71 253 175
2 0.02352572 176 62 236 240
4 0.022231566 45 55 107 240
7 0.021707317 165 35 249 215
2 0.01848382 105 69 232 227
7 0.017251043 227 51 275 240
2 0.016153961 125 34 298 196
13 0.0156103 55 81 101 167
