2 0.48401928 188 50 252 178
2 0.47514844 209 59 281 176
2 0.09962335 186 45 303 193
19 0.07999324 209 59 281 176
18 0.071039215 209 59 281 176
13 0.049010668 209 59 281 176
13 0.044225495 186 45 303 193
18 0.024935331 186 45 303 193
2 0.023805143 167 83 265 208
19 0.020693006 213 84 300 207
3 0.01943462 186 45 303 193
18 0.018831674 188 50 252 178
13 0.017292216 188 50 252 178
2 0.014973809 216 24 291 147
2 0.01485009 119 37 210 187
8 0.01327556 188 50 252 178
8 0.012907357 186 45 303 193
8 0.012824868 209 59 281 176
19 0.01224637 188 50 252 178
