2 0.2541493 84 54 132 240
19 0.115701124 78 53 135 194
2 0.063296475 54 35 161 199
2 0.062280014 95 79 122 227
20 0.058389354 95 79 122 227
12 0.056674156 95 79 122 227
5 0.05500308 95 79 122 227
3 0.054604694 95 79 122 227
13 0.048815634 88 23 120 219
13 0.0414222 78 53 135 194
19 0.03770051 95 79 122 227
6 0.032197338 95 79 122 227
2 0.027352 48 42 107 240
18 0.025631517 95 79 122 227
7 0.022534933 95 79 122 227
19 0.021544743 54 35 161 199
18 0.021238849 84 54 132 240
21 0.01945013 67 47 147 240
8 0.018203342 95 79 122 227
20 0.016727146 84 54 132 240
5 0.014614636 84 54 132 240
15 0.014339833 84 54 132 240
13 0.014137585 54 35 161 199
