2 0.41232115 182 97 253 203
2 0.21504425 175 41 248 240
2 0.2061585 213 86 274 220
19 0.17827219 213 86 274 220
15 0.10624528 213 86 274 220
19 0.095679164 182 97 253 203
18 0.09098721 182 97 253 203
8 0.08956233 205 61 272 240
15 0.08298001 182 97 253 203
8 0.082248814 170 33 250 240
18 0.06300811 170 33 250 240
20 0.056988686 205 61 272 240
18 0.049532767 213 86 274 220
8 0.04084047 182 97 253 203
13 0.039440736 170 33 250 240
5 0.038583554 205 61 272 240
20 0.033963054 170 33 250 240
19 0.030328985 175 41 248 240
19 0.02903579 200 46 297 200
3 0.028267236 205 61 272 240
13 0.025522713 205 61 272 240
15 0.025417797 175 41 248 240
3 0.022146039 170 33 250 240
