2 0.3523856 180 88 251 211
2 0.23564763 170 24 249 240
2 0.19174948 213 77 270 228
19 0.14919084 213 77 270 228
15 0.14519948 180 88 251 211
8 0.12060084 167 25 249 240
15 0.119290516 213 77 270 228
18 0.11260289 180 88 251 211
19 0.10758322 180 88 251 211
8 0.10034013 205 55 269 240
20 0.09236522 205 55 269 240
18 0.08378846 170 24 249 240
15 0.0669875 170 24 249 240
20 0.06696556 167 25 249 240
8 0.06244067 180 88 251 211
5 0.053663734 205 55 269 240
19 0.04938719 170 24 249 240
18 0.039914623 213 77 270 228
5 0.031970277 167 25 249 240
20 0.028276661 180 88 251 211
19 0.021734826 150 53 260 183
3 0.021221532 205 55 269 240
13 0.020988183 167 25 249 240
