2 0.33550197 60 61 144 183
2 0.09500578 47 61 108 190
12 0.056291606 47 61 108 190
13 0.0475109 34 57 118 183
3 0.044278722 72 57 144 193
20 0.03468182 34 57 118 183
6 0.03227748 47 61 108 190
19 0.030763434 34 57 118 183
7 0.030598754 47 61 108 190
3 0.030189663 47 61 108 190
13 0.02546358 72 57 144 193
12 0.025397904 72 57 144 193
5 0.02523115 34 57 118 183
7 0.022631874 72 57 144 193
21 0.019177347 34 57 118 183
2 0.017673347 81 66 136 239
20 0.01647847 72 57 144 193
18 0.015861029 34 57 118 183
19 0.0144790355 72 57 144 193
6 0.013887444 72 57 144 193
2 0.013771352 24 64 125 236
