13 0.3133008 212 67 310 228
13 0.16231284 53 36 99 137
13 0.13870141 241 0 320 240
13 0.06713041 48 0 95 174
13 0.064536594 263 94 320 212
2 0.056327235 203 90 302 207
18 0.053618696 212 67 310 228
7 0.046050377 53 36 99 137
4 0.040279463 53 36 99 137
2 0.03966201 239 81 320 218
20 0.034939643 53 36 99 137
12 0.03102969 53 36 99 137
13 0.030944036 231 24 286 157
13 0.029931948 87 19 140 153
2 0.029579429 53 36 99 137
2 0.026050467 214 5 304 240
20 0.018745165 214 36 309 240
12 0.018015593 214 36 309 240
18 0.017549379 53 36 99 137
