2 0.5557257 74 57 143 187
13 0.08523516 88 64 133 186
3 0.05762243 88 64 133 186
12 0.054352406 88 64 133 186
2 0.05162634 50 51 167 240
2 0.050793745 35 51 119 188
6 0.048684 88 64 133 186
19 0.041387588 74 57 143 187
20 0.03664752 88 64 133 186
13 0.030088391 58 39 156 192
7 0.029301718 88 64 133 186
2 0.021023732 23 1 128 236
2 0.01962724 70 41 155 130
18 0.017635213 88 64 133 186
5 0.016365271 88 64 133 186
2 0.016211467 88 69 127 234
2 0.013913935 116 73 204 159
19 0.013739275 50 51 167 240
13 0.013592646 35 51 119 188
19 0.013477123 35 51 119 188
19 0.01257024 23 1 128 236
8 0.012501006 88 64 133 186
2 0.009325253 70 18 247 229
2 0.008726167 53 49 96 195
