2 0.18648937 56 105 100 206
2 0.14286879 58 88 98 161
2 0.10426208 85 98 140 211
2 0.09069521 46 39 106 240
2 0.08641511 84 22 139 240
6 0.085738726 48 49 106 200
7 0.084277004 46 39 106 240
2 0.06379406 88 82 133 165
2 0.06298151 218 101 281 209
6 0.059365604 58 88 98 161
2 0.042213976 165 100 251 209
7 0.04114348 84 22 139 240
7 0.033700828 58 88 98 161
2 0.03020832 74 70 166 225
13 0.029379336 46 39 106 240
2 0.028818976 124 33 193 240
2 0.028652908 173 72 252 174
2 0.028273834 129 96 201 214
4 0.027655905 46 39 106 240
2 0.026013047 178 56 236 240
2 0.02572785 227 48 275 240
2 0.020477884 100 73 235 223
7 0.020386301 167 28 248 219
2 0.020288948 123 38 302 192
13 0.020274643 58 88 98 161
7 0.020092182 74 70 166 225
7 0.019111326 227 48 275 240
7 0.01760564 56 105 100 206
