2 0.4599758 78 68 149 170
2 0.10325009 109 64 198 173
12 0.09668624 85 34 145 209
2 0.046621434 71 55 165 240
2 0.043464266 117 25 187 216
13 0.03808663 85 34 145 209
3 0.035643134 85 34 145 209
7 0.031544484 85 34 145 209
2 0.023303065 83 45 228 181
20 0.02000737 85 34 145 209
12 0.014409432 117 25 187 216
2 0.011028399 18 55 124 180
2 0.01059885 149 54 259 174
20 0.010123808 58 57 171 170
3 0.008707563 117 25 187 216
6 0.008559083 85 34 145 209
12 0.007956889 225 69 281 172
7 0.007933539 117 25 187 216
13 0.0079234 58 57 171 170
2 0.00762004 108 50 209 117
19 0.0072336025 78 68 149 170
13 0.0071658324 117 25 187 216
21 0.0071253264 75 20 162 220
21 0.0066024554 58 57 171 170
