2 0.6255622 65 70 166 236
2 0.056267798 107 11 196 240
13 0.040870313 79 52 164 240
2 0.031868577 0 56 150 240
2 0.030781724 31 24 194 220
18 0.029771542 61 21 169 240
3 0.020715507 61 21 169 240
4 0.014515844 61 21 169 240
6 0.014447242 144 0 183 56
13 0.014016415 144 0 183 56
4 0.012732481 107 0 210 111
19 0.012481599 61 21 169 240
18 0.011510427 107 11 196 240
15 0.011105487 65 70 166 236
13 0.011033208 139 12 181 96
13 0.010324746 118 0 196 105
13 0.010235289 136 53 173 135
13 0.009594929 126 79 174 175
13 0.009209659 84 74 141 177
4 0.009075829 144 0 183 56
