2 0.31465018 79 107 138 209
7 0.17493874 74 68 143 240
2 0.12759161 53 107 104 211
2 0.093482554 218 102 274 207
7 0.09184485 42 77 116 239
6 0.06967482 74 68 143 240
2 0.048714995 42 77 116 239
2 0.038234867 164 104 244 209
4 0.030466195 74 68 143 240
6 0.029293671 42 77 116 239
7 0.028692845 53 107 104 211
2 0.028332537 225 49 277 240
2 0.02371588 214 70 280 175
2 0.022981646 160 63 253 181
2 0.017615143 110 52 204 240
7 0.017398255 154 37 261 213
7 0.016519845 0 73 73 237
8 0.015560449 74 68 143 240
2 0.015219926 79 70 148 183
13 0.014719604 42 77 116 239
