7 0.1228857 35 56 105 240
2 0.10442658 50 110 96 202
6 0.09266281 36 40 99 210
2 0.06607961 49 80 95 170
2 0.065027826 221 103 277 210
6 0.049752373 49 80 95 170
7 0.04394605 0 60 82 240
7 0.03438511 68 44 155 240
7 0.03353636 49 80 95 170
2 0.03348352 35 56 105 240
2 0.032041825 87 97 142 219
2 0.029590955 169 101 247 211
2 0.028022032 205 82 294 219
2 0.026010362 68 44 155 240
12 0.022301756 42 76 114 224
7 0.02048963 50 110 96 202
2 0.019566251 112 42 207 240
4 0.018346667 35 56 105 240
2 0.017141514 9 98 54 219
7 0.01658341 226 53 277 240
2 0.015632734 82 70 141 177
2 0.015350286 128 94 200 219
6 0.0146744335 50 110 96 202
