2 0.2622561 64 51 143 189
2 0.18910745 38 56 114 183
12 0.07548255 49 57 108 193
20 0.047435082 49 57 108 193
3 0.037630513 76 45 142 202
3 0.034042172 49 57 108 193
19 0.029861977 38 56 114 183
6 0.029843852 49 57 108 193
12 0.028716406 76 45 142 202
21 0.025613856 32 49 116 188
13 0.025187338 38 56 114 183
7 0.024697231 49 57 108 193
5 0.024645956 38 56 114 183
21 0.021418503 60 52 150 179
20 0.020877961 76 45 142 202
7 0.014550316 76 45 142 202
17 0.012457327 38 56 114 183
19 0.01091394 64 51 143 189
13 0.010822152 76 45 142 202
8 0.010815647 38 56 114 183
