2 0.23556587 78 76 159 229
2 0.22415398 52 43 181 240
13 0.18004894 52 43 181 240
15 0.15918142 78 76 159 229
19 0.092770524 78 76 159 229
13 0.0875416 78 76 159 229
15 0.07535454 52 43 181 240
19 0.07328398 52 43 181 240
13 0.0432539 103 15 213 232
18 0.043092884 52 43 181 240
15 0.029550623 17 84 134 217
13 0.02865683 71 19 165 166
2 0.02661164 107 68 204 232
19 0.024781173 17 84 134 217
21 0.02159637 52 43 181 240
21 0.02006505 78 76 159 229
13 0.01785555 167 21 250 216
2 0.017767519 17 84 134 217
18 0.015150199 78 76 159 229
21 0.014813409 17 84 134 217
4 0.0146025885 52 43 181 240
13 0.014427472 91 55 132 127
