2 0.35518077 76 55 142 192
13 0.117626436 76 55 142 192
2 0.10025137 55 62 157 239
3 0.056223135 82 42 133 205
12 0.05387656 82 42 133 205
2 0.041584466 85 77 131 230
6 0.037606392 82 42 133 205
20 0.037425835 82 42 133 205
19 0.033089306 76 55 142 192
13 0.027792899 85 77 131 230
7 0.0244425 82 42 133 205
19 0.021644091 55 62 157 239
2 0.018987004 38 61 114 184
20 0.018810956 55 62 157 239
13 0.017932327 55 62 157 239
21 0.017426042 76 55 142 192
2 0.016799353 70 36 163 137
5 0.015577081 85 77 131 230
2 0.015532693 100 2 223 98
21 0.015414505 55 62 157 239
2 0.014669125 93 37 233 130
