2 0.45588967 85 55 150 240
2 0.24496284 55 28 182 240
19 0.15788127 55 28 182 240
18 0.08582202 55 28 182 240
15 0.06302997 85 55 150 240
19 0.062740415 85 55 150 240
15 0.04719789 55 28 182 240
8 0.046468716 55 28 182 240
13 0.04567299 55 28 182 240
3 0.03606912 55 28 182 240
2 0.03540502 122 60 193 240
18 0.03500979 85 55 150 240
4 0.033976477 55 28 182 240
18 0.021125678 111 29 206 240
6 0.020352999 55 28 182 240
17 0.019398913 55 28 182 240
13 0.019386737 85 55 150 240
4 0.019383794 85 55 150 240
17 0.018488158 85 55 150 240
19 0.016484657 54 109 183 200
12 0.016231796 85 55 150 240
6 0.016074028 143 0 189 54
6 0.015609065 85 55 150 240
21 0.015390931 55 28 182 240
4 0.015165182 143 0 189 54
16 0.014130428 55 28 182 240
