2 0.61306894 65 28 145 213
2 0.38257462 88 55 132 192
2 0.106417865 39 19 119 219
13 0.06775177 88 55 132 192
12 0.06678997 88 55 132 192
13 0.04761014 65 28 145 213
2 0.047281798 52 58 104 186
2 0.03146682 85 17 141 162
13 0.028324185 39 19 119 219
6 0.026170535 88 55 132 192
7 0.019206997 88 55 132 192
12 0.018988354 52 58 104 186
13 0.017713081 52 58 104 186
6 0.013415331 52 58 104 186
7 0.010372407 52 58 104 186
2 0.008218227 101 41 205 190
12 0.008152892 65 28 145 213
19 0.007728608 73 46 136 182
12 0.007366777 39 19 119 219
7 0.007261149 66 35 164 211
7 0.007141058 39 19 119 219
20 0.0070917606 65 28 145 213
