2 0.19731174 90 64 145 181
3 0.09785382 95 34 134 212
2 0.07481484 121 61 187 182
12 0.072460115 95 34 134 212
13 0.07017187 95 34 134 212
2 0.059961885 65 49 166 180
20 0.034930646 95 34 134 212
2 0.027694758 129 11 170 229
3 0.026155856 129 11 170 229
21 0.020098414 90 64 145 181
2 0.019315083 90 41 217 189
21 0.014715342 65 49 166 180
19 0.014415481 90 64 145 181
21 0.013369065 121 61 187 182
13 0.013019796 129 11 170 229
7 0.011115229 95 34 134 212
12 0.00826916 129 11 170 229
2 0.006511368 116 44 205 128
20 0.0064056288 129 11 170 229
8 0.006306834 95 34 134 212
6 0.006274866 95 34 134 212
21 0.005824746 81 0 154 240
2 0.0057818526 158 57 260 177
21 0.0057193986 90 41 217 189
21 0.00537577 129 11 170 229
5 0.0052844184 95 34 134 212
2 0.0051602246 124 0 201 240
