13 0.34975252 252 87 320 229
13 0.16413064 89 73 138 175
13 0.07387049 215 19 304 240
4 0.050336644 89 73 138 175
13 0.04295139 55 70 98 174
7 0.040789068 89 73 138 175
20 0.03874415 253 56 320 240
13 0.038718835 230 106 292 207
18 0.030676853 255 110 320 240
13 0.02936774 268 142 320 236
13 0.028603146 73 39 141 211
13 0.026303517 84 106 143 196
13 0.023920188 176 153 238 226
7 0.020920366 266 104 320 213
20 0.020288454 266 104 320 213
2 0.018971657 89 73 138 175
20 0.01770031 89 73 138 175
13 0.016570333 233 67 275 180
7 0.016385486 84 106 143 196
12 0.016275458 89 73 138 175
7 0.0161908 55 70 98 174
13 0.01586677 227 148 289 230
8 0.015599578 252 87 320 229
13 0.015577828 276 68 320 180
13 0.015259134 159 92 256 240
