2 0.46220428 80 54 145 179
2 0.08777725 124 42 180 198
12 0.07814588 88 50 146 192
13 0.029854696 88 50 146 192
7 0.023801135 88 50 146 192
2 0.022136547 72 47 164 240
2 0.021854382 87 32 223 193
2 0.019574061 67 26 158 145
12 0.018485965 124 42 180 198
2 0.013594219 21 41 123 189
3 0.01059943 88 50 146 192
2 0.010052014 109 37 201 130
6 0.00968391 88 50 146 192
13 0.008992906 124 42 180 198
2 0.008175485 148 43 259 182
2 0.0072322995 0 17 151 221
13 0.0071197646 59 38 170 186
20 0.0071071275 88 50 146 192
7 0.006648211 124 42 180 198
2 0.005905857 47 55 98 184
19 0.005738635 88 50 146 192
7 0.005665889 63 20 174 215
