2 0.20632009 45 109 90 203
7 0.121270865 36 67 95 240
6 0.07229894 36 67 95 240
7 0.057919595 0 67 71 240
2 0.055880394 10 99 57 216
2 0.04391738 220 102 277 210
2 0.04016203 36 67 95 240
2 0.03204085 173 100 239 212
7 0.03166136 45 109 90 203
6 0.027027681 45 109 90 203
6 0.024349373 0 67 71 240
7 0.020315183 67 56 152 240
2 0.020303851 84 94 141 218
2 0.018601924 0 67 71 240
12 0.015869988 47 80 106 216
7 0.01444983 171 48 242 204
20 0.013602261 220 102 277 210
7 0.0135608865 10 99 57 216
2 0.012710749 133 93 193 216
2 0.011862518 67 56 152 240
7 0.011710601 229 52 277 240
13 0.0115902545 36 67 95 240
6 0.0113520175 67 56 152 240
2 0.01073366 174 68 248 177
