2 0.5186705 181 66 245 231
2 0.469868 213 75 265 229
18 0.06060401 167 70 247 234
13 0.060457006 202 98 277 213
2 0.059860907 191 6 305 228
3 0.053873807 202 98 277 213
18 0.04888239 202 98 277 213
2 0.045650892 199 59 289 188
13 0.04203051 167 70 247 234
19 0.03672311 213 75 265 229
2 0.033877656 159 21 255 217
3 0.03106466 167 70 247 234
8 0.028012143 167 70 247 234
8 0.027497731 202 98 277 213
19 0.022002308 181 66 245 231
5 0.020567928 202 98 277 213
2 0.019914053 256 68 320 231
2 0.019719698 265 45 320 128
2 0.017097145 121 66 206 228
