2 0.19891836 75 65 161 232
13 0.15995747 55 25 184 240
21 0.07285439 55 25 184 240
19 0.07113335 75 65 161 232
15 0.0625131 75 65 161 232
20 0.049883608 55 25 184 240
18 0.04667548 55 25 184 240
4 0.029450435 55 25 184 240
5 0.02664535 75 65 161 232
13 0.02589768 95 55 223 240
13 0.025363512 76 40 144 240
3 0.023726571 55 25 184 240
20 0.018689977 76 40 144 240
2 0.016183453 107 61 208 236
2 0.015601511 41 95 198 240
6 0.015263383 75 65 161 232
12 0.015033503 75 65 161 232
13 0.014525167 168 48 249 191
17 0.012932477 55 25 184 240
8 0.012292937 76 40 144 240
