12 0.21963759 266 1 320 235
8 0.13182475 268 69 320 233
12 0.11570046 219 43 283 189
8 0.111226425 220 47 294 192
17 0.06823021 268 69 320 233
19 0.05595668 220 47 294 192
16 0.054241184 268 69 320 233
2 0.051960457 221 66 279 181
19 0.04780465 267 17 320 225
20 0.04688471 219 43 283 189
20 0.03898914 268 69 320 233
2 0.038750473 260 0 320 240
21 0.037151013 220 47 294 192
6 0.03249894 266 1 320 235
17 0.032391347 220 47 294 192
13 0.03238117 220 47 294 192
6 0.031000853 220 47 294 192
16 0.029515505 219 43 283 189
