2 0.5375006 76 55 142 188
13 0.07800071 76 55 142 188
6 0.069670685 89 61 134 188
2 0.058625847 50 45 169 240
12 0.053754117 89 61 134 188
3 0.04850221 89 61 134 188
2 0.04626289 35 53 117 187
19 0.041305915 76 55 142 188
20 0.03727941 89 61 134 188
7 0.027364705 89 61 134 188
5 0.02299012 89 61 134 188
18 0.019944895 89 61 134 188
2 0.018144261 24 0 129 237
2 0.017636396 89 67 129 237
2 0.015537685 73 42 153 129
19 0.014974347 50 45 169 240
13 0.013598177 35 53 117 187
8 0.013256366 89 61 134 188
2 0.012831382 118 73 203 158
19 0.012232826 35 53 117 187
19 0.0116712 24 0 129 237
18 0.008739004 58 34 159 197
20 0.008580186 58 34 159 197
2 0.008554044 73 15 242 232
