2 0.38050935 78 69 147 171
2 0.12342529 116 62 189 176
12 0.08488639 80 40 147 201
13 0.044225086 80 40 147 201
7 0.03678054 80 40 147 201
3 0.033341467 80 40 147 201
2 0.03083259 74 62 161 237
2 0.02523655 85 46 223 179
20 0.021853266 80 40 147 201
12 0.019822525 115 22 188 213
13 0.013732306 115 22 188 213
3 0.012474834 115 22 188 213
7 0.011996026 115 22 188 213
2 0.010617752 111 43 201 125
2 0.010310744 152 48 256 180
2 0.008273784 118 19 206 223
20 0.0076506394 115 22 188 213
2 0.0073340377 22 57 122 177
19 0.0069855046 78 69 147 171
12 0.0069079427 224 67 282 172
2 0.0061976714 57 42 170 132
