13 0.26570308 240 90 320 229
13 0.16875817 219 34 301 240
13 0.16304561 89 72 137 180
13 0.092242934 57 69 99 181
7 0.056221865 89 72 137 180
4 0.050210744 89 72 137 180
13 0.04553025 68 45 142 204
13 0.044510946 265 138 320 236
20 0.037327606 89 72 137 180
20 0.03562558 239 58 320 240
7 0.033735134 57 69 99 181
18 0.031006008 246 115 320 240
13 0.030369658 40 37 102 208
13 0.029695807 225 140 301 236
12 0.026449855 89 72 137 180
20 0.026199564 57 69 99 181
11 0.022054726 239 58 320 240
13 0.021688139 175 153 240 226
2 0.021449622 89 72 137 180
8 0.020409396 240 90 320 229
20 0.019124908 261 99 320 217
13 0.018197212 49 106 96 199
11 0.017644964 261 99 320 217
4 0.01702095 57 69 99 181
