2 0.1207511 220 54 290 187
12 0.117519066 273 49 320 240
13 0.11079882 220 54 290 187
19 0.10711522 220 54 290 187
19 0.08096935 261 76 320 233
8 0.07721133 261 76 320 233
2 0.076409206 182 63 261 171
2 0.07099801 261 76 320 233
7 0.0598846 273 49 320 240
13 0.05079819 261 76 320 233
12 0.048826125 217 38 279 191
8 0.038425956 219 51 285 191
7 0.037996005 227 32 290 240
8 0.036264636 213 76 306 224
16 0.03550405 261 76 320 233
2 0.035329793 213 76 306 224
8 0.033257052 190 68 244 166
13 0.029333644 182 63 261 171
19 0.028500225 213 76 306 224
