2 0.19758561 11 109 54 206
2 0.12713595 46 102 87 212
7 0.122479945 0 80 62 234
7 0.06921295 29 79 95 240
2 0.042924143 217 107 279 207
2 0.0326192 175 110 237 205
7 0.032161612 11 109 54 206
2 0.024378011 0 80 62 234
2 0.022954643 29 79 95 240
6 0.021206243 0 80 62 234
7 0.019391753 46 102 87 212
2 0.018804992 228 44 278 240
2 0.018545412 94 95 138 219
6 0.01820311 29 79 95 240
20 0.01637011 217 107 279 207
2 0.014915911 133 100 192 213
13 0.013323866 0 80 62 234
6 0.013192917 11 109 54 206
7 0.013094627 68 64 158 240
2 0.013067311 172 68 248 232
7 0.011837325 22 49 112 199
13 0.01117827 11 109 54 206
12 0.0109681375 217 107 279 207
6 0.010042269 46 102 87 212
5 0.009960706 228 44 278 240
