13 0.4325705 214 79 306 227
20 0.06838677 219 43 285 240
8 0.06459791 214 79 306 227
18 0.05969224 214 79 306 227
12 0.040588517 219 43 285 240
20 0.024466217 208 106 292 195
11 0.022881787 219 43 285 240
13 0.022171821 174 85 252 222
13 0.02171237 197 0 295 240
2 0.019346284 219 43 285 240
13 0.017670283 215 63 288 179
13 0.017199641 218 126 283 240
2 0.017156284 208 106 292 195
21 0.017024308 208 106 292 195
19 0.016967136 214 79 306 227
19 0.016692635 208 106 292 195
13 0.016295353 159 10 257 240
4 0.013624265 219 43 285 240
7 0.012921661 219 94 297 212
18 0.012857702 208 106 292 195
21 0.012739028 219 43 285 240
