13 0.22891086 242 43 320 240
13 0.21715201 52 39 98 136
13 0.12393803 221 39 296 202
18 0.089567356 234 68 320 230
13 0.050025385 46 1 98 173
7 0.045110434 52 39 98 136
12 0.043070976 52 39 98 136
18 0.041226476 199 89 307 205
11 0.040086385 242 43 320 240
13 0.03991601 85 22 139 150
20 0.03686055 52 39 98 136
2 0.03416197 237 75 320 218
13 0.032550376 271 30 320 149
13 0.031505957 258 94 320 212
20 0.029674154 242 43 320 240
8 0.029645747 234 68 320 230
18 0.025872236 212 0 305 240
4 0.023992816 52 39 98 136
