13 0.38622594 220 73 300 240
13 0.13423136 55 70 98 181
13 0.06969383 89 65 131 184
13 0.048118513 251 80 320 240
7 0.044430256 55 70 98 181
13 0.043333206 43 39 102 207
20 0.03769366 55 70 98 181
7 0.030167757 89 65 131 184
20 0.0257464 224 45 291 240
18 0.025091758 224 45 291 240
2 0.024125494 210 103 299 207
12 0.022548312 55 70 98 181
4 0.01956246 55 70 98 181
2 0.019128447 224 45 291 240
11 0.018322838 224 45 291 240
2 0.016921254 55 70 98 181
20 0.016683804 89 65 131 184
4 0.016568007 89 65 131 184
8 0.016177446 220 73 300 240
7 0.015951613 227 94 297 221
11 0.015310777 241 38 320 240
12 0.015015867 224 45 291 240
13 0.014226837 227 57 286 188
