2 0.20516206 183 84 244 209
19 0.13985789 183 84 244 209
5 0.1370212 175 50 242 240
8 0.13196315 183 84 244 209
8 0.091763996 155 61 260 238
18 0.06705512 183 84 244 209
19 0.058355816 223 90 268 211
2 0.049563635 223 90 268 211
20 0.039315004 155 61 260 238
15 0.039084498 183 84 244 209
2 0.035603777 155 61 260 238
18 0.03382482 155 61 260 238
18 0.03280054 223 90 268 211
3 0.032135468 183 84 244 209
3 0.0289448 223 90 268 211
20 0.028624214 183 84 244 209
5 0.027996425 223 90 268 211
15 0.02726201 223 90 268 211
8 0.026923923 223 90 268 211
21 0.025386456 183 86 247 219
5 0.025140934 202 55 277 240
3 0.023010846 155 61 260 238
5 0.020416837 0 5 160 236
19 0.020139975 0 5 160 236
8 0.01922808 173 152 254 240
19 0.01817839 151 19 254 210
