2 0.2062509 80 77 158 228
2 0.20516372 58 43 178 240
15 0.19255923 80 77 158 228
19 0.17354177 80 77 158 228
19 0.16166963 58 43 178 240
13 0.1390694 58 43 178 240
15 0.07160493 58 43 178 240
13 0.056182995 80 77 158 228
18 0.03921171 58 43 178 240
2 0.038594328 109 70 202 229
13 0.03142293 107 20 216 229
19 0.028577248 13 83 140 219
3 0.027798831 58 43 178 240
15 0.02739383 13 83 140 219
21 0.026353674 80 77 158 228
21 0.023176018 58 43 178 240
13 0.018025603 74 16 168 169
19 0.016865047 109 70 202 229
4 0.016215235 58 43 178 240
3 0.015306462 80 77 158 228
21 0.01501882 13 83 140 219
