2 0.40981343 71 55 136 194
2 0.118053414 36 53 112 190
3 0.059384722 83 54 132 196
12 0.03621117 83 54 132 196
13 0.033480518 83 54 132 196
7 0.029741637 83 54 132 196
18 0.026359076 83 54 132 196
12 0.024937367 51 58 100 191
3 0.021417331 51 58 100 191
7 0.020837318 51 58 100 191
20 0.020245265 83 54 132 196
6 0.017692644 51 58 100 191
2 0.016955975 60 44 155 240
19 0.016814526 83 54 132 196
6 0.015930174 83 54 132 196
5 0.013171154 71 55 136 194
13 0.012299854 36 53 112 190
5 0.012251096 36 53 112 190
19 0.011703088 51 58 100 191
18 0.011503219 51 58 100 191
20 0.0108961575 51 58 100 191
2 0.010006865 113 62 200 171
21 0.009368296 67 54 143 180
