2 0.17803694 91 62 146 181
3 0.079934075 95 34 134 212
2 0.07122242 120 63 188 179
2 0.057266828 70 45 165 186
13 0.055236924 95 34 134 212
12 0.052235328 95 34 134 212
2 0.02627314 129 11 171 229
20 0.020316709 95 34 134 212
3 0.019726684 129 11 171 229
2 0.01789146 89 40 225 190
21 0.016773717 95 34 134 212
21 0.01349497 70 45 165 186
13 0.010842192 129 11 171 229
7 0.008107721 95 34 134 212
21 0.007860828 120 63 188 179
19 0.0076149083 91 62 146 181
12 0.0070033064 129 11 171 229
2 0.006509515 110 42 210 128
21 0.005748846 89 40 225 190
5 0.005449502 95 34 134 212
2 0.0053009666 155 53 261 179
3 0.005210088 70 45 165 186
21 0.0052034035 85 0 148 240
6 0.0050428165 95 34 134 212
