2 0.31151697 172 65 265 164
19 0.16166045 201 66 292 171
2 0.09808905 158 32 273 203
2 0.08099633 203 44 274 182
13 0.074046314 172 65 265 164
19 0.070494786 177 43 241 186
19 0.051593747 277 86 320 221
2 0.04718966 266 100 320 200
8 0.045684285 172 65 265 164
18 0.042949103 177 43 241 186
15 0.03728336 177 43 241 186
13 0.034966625 266 100 320 200
8 0.031390447 277 86 320 221
18 0.029719865 201 66 292 171
15 0.028007274 203 44 274 182
19 0.027221436 182 32 314 208
18 0.02522152 266 100 320 200
7 0.018939827 177 43 241 186
7 0.018056875 158 32 273 203
