2 0.2338474 78 60 159 238
19 0.16677818 78 60 159 238
15 0.12079346 59 45 181 240
13 0.07533314 70 49 162 240
18 0.045532003 59 45 181 240
20 0.035082582 59 45 181 240
4 0.03340725 59 45 181 240
4 0.02694956 0 19 80 156
21 0.02686048 59 45 181 240
6 0.019289419 0 19 80 156
4 0.018503945 0 80 86 215
19 0.017663356 12 81 128 209
8 0.016702317 72 12 146 240
2 0.016599827 115 51 201 240
12 0.016207222 78 60 159 238
17 0.01508092 59 45 181 240
13 0.015016926 107 56 211 240
18 0.014818893 107 56 211 240
7 0.014621179 70 49 162 240
