13 0.2366 52 40 98 134
13 0.22241512 242 43 320 240
13 0.11908017 222 39 295 201
18 0.08711656 234 68 320 231
13 0.043815956 84 22 139 148
18 0.04332735 200 88 307 206
11 0.040959306 242 43 320 240
7 0.038914256 52 40 98 134
2 0.03534183 200 88 307 206
20 0.03425971 52 40 98 134
12 0.03380264 52 40 98 134
8 0.03237182 234 68 320 231
13 0.03197633 271 31 320 147
20 0.03140007 242 43 320 240
13 0.031020017 38 15 106 150
13 0.029927723 258 94 320 212
18 0.023598148 213 0 304 240
2 0.023364136 242 43 320 240
4 0.022301693 52 40 98 134
