13 0.41213757 259 80 320 235
13 0.1416418 90 76 137 171
4 0.07246928 90 76 137 171
13 0.06117869 208 26 307 240
7 0.057530943 90 76 137 171
20 0.039121874 254 69 320 240
13 0.032392927 57 70 97 174
13 0.032248743 225 104 292 206
13 0.031512845 232 67 275 176
7 0.030979753 262 101 320 214
20 0.029271908 90 76 137 171
13 0.026205719 276 72 320 174
2 0.025376704 90 76 137 171
12 0.024925955 90 76 137 171
13 0.022987753 86 112 141 188
13 0.022487173 81 31 140 218
18 0.022063186 262 101 320 214
7 0.021854017 86 112 141 188
8 0.019148981 259 80 320 235
4 0.017330013 86 112 141 188
4 0.014081738 81 31 140 218
7 0.012962645 57 70 97 174
13 0.012323153 51 111 96 191
