2 0.2863679 78 81 158 224
2 0.2834411 56 38 179 240
15 0.16021389 78 81 158 224
13 0.1565668 56 38 179 240
19 0.12370787 78 81 158 224
19 0.1036367 56 38 179 240
13 0.06556899 78 81 158 224
15 0.056575906 56 38 179 240
18 0.04374239 56 38 179 240
2 0.03973481 107 72 204 229
13 0.034795813 107 16 213 232
15 0.026730264 15 87 137 215
19 0.025662502 15 87 137 215
21 0.021004483 78 81 158 224
21 0.020553013 56 38 179 240
3 0.02001523 56 38 179 240
13 0.019725494 70 17 168 168
2 0.01849172 15 87 137 215
4 0.015050462 56 38 179 240
6 0.0129407905 78 81 158 224
