2 0.3351213 78 62 140 240
13 0.12828726 78 69 138 177
19 0.094531015 78 69 138 177
13 0.089624815 85 14 125 231
2 0.060045574 65 38 157 196
12 0.05665998 90 66 126 240
3 0.046874437 90 66 126 240
20 0.04220157 90 66 126 240
13 0.039835155 65 38 157 196
5 0.0366719 90 66 126 240
2 0.03314943 43 68 111 232
19 0.031256326 63 51 158 240
19 0.024382211 90 66 126 240
7 0.024171343 90 66 126 240
20 0.01985366 78 69 138 177
20 0.01648189 63 51 158 240
6 0.01582602 85 14 125 231
8 0.014315654 90 66 126 240
18 0.012346433 90 66 126 240
