2 0.49582762 189 55 252 172
2 0.42262262 210 61 281 175
19 0.13407506 210 61 281 175
2 0.08999967 152 52 270 180
18 0.061289333 210 61 281 175
13 0.055329476 210 61 281 175
2 0.04272001 195 42 300 240
3 0.028477352 186 53 301 184
19 0.02404553 213 81 300 209
19 0.022075128 189 55 252 172
13 0.02198545 189 55 252 172
13 0.019666756 152 52 270 180
18 0.01719945 189 55 252 172
2 0.0164376 120 38 211 185
2 0.015690431 166 0 320 187
8 0.015412044 186 53 301 184
2 0.014443626 216 30 289 141
8 0.013514906 189 55 252 172
2 0.013282254 175 20 256 148
18 0.012691424 152 52 270 180
