2 0.37198874 79 60 138 240
19 0.1076579 79 60 138 187
2 0.061211977 96 70 122 236
13 0.06110234 79 60 138 187
3 0.060332093 96 70 122 236
2 0.059839442 57 29 163 203
12 0.059345327 96 70 122 236
20 0.04703488 96 70 122 236
5 0.043901872 96 70 122 236
2 0.041311607 45 60 110 239
13 0.040170103 88 19 121 224
19 0.034318954 60 34 158 240
19 0.027903156 96 70 122 236
13 0.02255465 57 29 163 203
6 0.022506583 96 70 122 236
7 0.019746818 96 70 122 236
8 0.01687329 96 70 122 236
20 0.015747143 79 60 138 240
17 0.015636338 79 60 138 187
5 0.011348456 79 60 138 240
21 0.011110452 60 34 158 240
