13 0.34955513 211 82 308 231
13 0.14891686 91 67 132 185
13 0.10960074 56 71 97 179
13 0.09952472 240 117 320 240
7 0.059174538 91 67 132 185
20 0.04387976 91 67 132 185
7 0.041070938 56 71 97 179
20 0.034784645 56 71 97 179
4 0.033697072 91 67 132 185
13 0.03285236 42 40 103 203
18 0.03154807 211 82 308 231
12 0.031180462 91 67 132 185
2 0.027992502 202 129 300 240
13 0.027821206 66 46 144 201
11 0.027328718 234 60 320 240
18 0.023645163 240 117 320 240
12 0.02303872 56 71 97 179
20 0.02297724 212 48 304 240
8 0.021822162 211 82 308 231
7 0.021606855 224 97 305 217
20 0.019552823 66 46 144 201
