2 0.23547098 50 107 94 202
7 0.13977486 35 64 100 240
2 0.06851014 45 78 95 172
2 0.06598105 221 102 278 210
2 0.05227656 35 64 100 240
7 0.039255027 45 78 95 172
2 0.037678238 170 100 243 212
7 0.036818024 0 65 74 240
2 0.034666095 88 94 141 219
6 0.033951882 38 50 97 202
7 0.03245448 50 107 94 202
2 0.027898595 9 98 54 215
2 0.027860695 63 53 156 240
7 0.027791865 63 53 156 240
2 0.01828823 173 67 249 176
12 0.01805206 48 78 105 218
2 0.017925132 107 51 207 240
7 0.017835721 226 55 277 240
7 0.017572625 163 37 249 214
2 0.017484387 130 92 196 217
2 0.0144253345 45 130 95 235
