2 0.36254445 79 54 153 240
2 0.20933525 48 5 188 240
15 0.109787926 79 54 153 240
19 0.10869459 48 5 188 240
18 0.095940165 48 5 188 240
13 0.07196555 48 5 188 240
15 0.066813044 48 5 188 240
13 0.06298461 86 36 162 240
19 0.056607228 79 54 153 240
18 0.053309888 79 54 153 240
3 0.046161365 48 5 188 240
2 0.03943606 116 48 199 240
4 0.036543235 48 5 188 240
8 0.029910674 48 5 188 240
17 0.028924726 79 54 153 240
6 0.02585018 142 0 192 54
17 0.0225004 48 5 188 240
4 0.02173461 79 54 153 240
21 0.021634175 48 5 188 240
4 0.019206647 142 0 192 54
6 0.016757198 79 54 153 240
6 0.0165647 48 5 188 240
