2 0.40379417 67 48 141 193
2 0.17872131 40 48 114 192
13 0.05251576 40 48 114 192
13 0.04616661 86 58 133 195
12 0.03950753 86 58 133 195
6 0.027647952 55 66 102 186
7 0.026648007 86 58 133 195
12 0.02603942 55 66 102 186
6 0.024640102 86 58 133 195
3 0.024543852 86 58 133 195
7 0.023661146 55 66 102 186
2 0.017825464 86 84 136 222
20 0.017814394 86 58 133 195
20 0.015396592 55 66 102 186
18 0.013074702 86 58 133 195
3 0.012619867 55 66 102 186
5 0.012409968 55 66 102 186
2 0.01133233 111 53 200 176
2 0.010946204 56 95 98 211
20 0.008994685 37 37 119 204
