2 0.35600182 71 56 136 193
2 0.1085726 36 56 111 187
13 0.045734067 82 58 136 191
7 0.042010657 82 58 136 191
12 0.03441642 82 58 136 191
3 0.033290476 82 58 136 191
7 0.025265487 50 58 104 189
18 0.024576725 82 58 136 191
12 0.024081407 50 58 104 189
19 0.018726083 71 56 136 193
20 0.018451652 82 58 136 191
13 0.018399643 36 56 111 187
3 0.017220564 50 58 104 189
6 0.016194401 82 58 136 191
6 0.015734175 50 58 104 189
19 0.012759345 36 56 111 187
18 0.010841776 50 58 104 189
5 0.010673917 36 56 111 187
20 0.010375736 50 58 104 189
2 0.009574439 55 51 164 240
