2 0.116908975 82 55 137 240
19 0.06618307 77 56 136 193
3 0.06311589 98 84 126 227
12 0.06002807 98 84 126 227
13 0.04753194 90 22 125 226
2 0.045693982 98 84 126 227
5 0.04131553 98 84 126 227
2 0.038584586 63 38 159 197
21 0.035029855 69 52 149 240
19 0.034998592 98 84 126 227
20 0.033387195 98 84 126 227
13 0.02919836 77 56 136 193
18 0.028425258 98 84 126 227
8 0.024411991 98 84 126 227
7 0.023708314 98 84 126 227
6 0.023270871 98 84 126 227
20 0.020422572 82 55 137 240
18 0.016805775 82 55 137 240
12 0.01599709 82 55 137 240
3 0.014875106 69 52 149 240
14 0.013277213 82 55 137 240
2 0.013049702 46 52 108 240
