2 0.22222555 79 39 154 240
19 0.12657009 57 37 184 240
15 0.08522355 79 39 154 240
13 0.08237947 57 37 184 240
18 0.065128274 57 37 184 240
21 0.050945785 57 37 184 240
20 0.050096788 57 37 184 240
3 0.04321934 57 37 184 240
12 0.04152561 79 39 154 240
2 0.037422936 116 48 195 240
18 0.03142285 108 54 205 240
17 0.0307112 79 39 154 240
19 0.02796262 108 54 205 240
8 0.026276276 57 37 184 240
13 0.023996806 107 28 209 225
2 0.023786286 52 104 188 240
5 0.01934283 79 39 154 240
4 0.019164871 57 37 184 240
