13 0.3236862 243 87 320 230
13 0.16226247 216 38 305 240
13 0.1588362 89 73 136 177
13 0.075291574 57 68 100 180
7 0.07117231 89 73 136 177
13 0.0705754 231 105 299 210
13 0.045642734 66 43 143 205
7 0.042614844 57 68 100 180
20 0.042132467 89 73 136 177
13 0.041752685 265 144 320 235
20 0.03911195 242 58 320 240
4 0.037766106 89 73 136 177
13 0.030315362 223 145 300 233
13 0.02878987 39 34 104 209
12 0.02864296 89 73 136 177
13 0.028237496 177 156 238 226
20 0.026256135 57 68 100 180
18 0.023521187 249 113 320 240
20 0.020686608 262 104 320 213
13 0.020472594 234 66 279 179
8 0.020005265 243 87 320 230
7 0.019389888 262 104 320 213
13 0.01918854 51 107 96 199
