12 0.20070966 263 0 320 236
12 0.14808117 216 41 279 188
19 0.13221127 219 47 295 195
19 0.112312175 267 25 320 222
8 0.08853944 264 66 320 238
2 0.07591832 219 47 295 195
2 0.07116415 264 66 320 238
17 0.06777919 264 66 320 238
13 0.06428592 219 47 295 195
8 0.063380875 211 42 284 205
2 0.06124811 174 46 267 187
8 0.054660615 174 46 267 187
13 0.052061837 267 25 320 222
17 0.046056412 219 47 295 195
16 0.044410214 264 66 320 238
6 0.03559837 263 0 320 236
6 0.034698617 219 47 295 195
20 0.02905903 219 47 295 195
