7 0.10985765 36 58 107 240
2 0.10564939 52 107 95 206
2 0.0607914 220 103 280 209
2 0.055308048 51 72 97 176
6 0.04851649 36 58 107 240
7 0.037049927 69 41 152 240
2 0.03549155 86 97 139 218
2 0.033904564 36 58 107 240
7 0.030708384 51 72 97 176
2 0.029689493 168 101 247 212
2 0.0290605 201 82 298 218
7 0.02278372 52 107 95 206
7 0.022522574 0 56 75 240
2 0.021623122 69 41 152 240
6 0.020709153 51 72 97 176
12 0.02004882 47 73 111 225
7 0.0168923 227 52 276 240
2 0.016629007 115 45 205 240
6 0.016149903 52 107 95 206
4 0.015608937 36 58 107 240
7 0.01440684 115 45 205 240
7 0.013474506 174 62 241 240
6 0.012833396 69 41 152 240
2 0.012343212 171 65 252 180
