2 0.27370444 83 56 136 240
19 0.14744136 78 55 138 192
12 0.0706073 95 81 123 227
20 0.06680259 95 81 123 227
2 0.06408399 95 81 123 227
2 0.05819458 54 37 162 196
13 0.056974363 78 55 138 192
13 0.051167276 87 26 121 218
3 0.050510664 95 81 123 227
5 0.04670352 95 81 123 227
13 0.044118553 95 81 123 227
12 0.03983838 87 26 121 218
3 0.03953663 87 26 121 218
6 0.038837753 95 81 123 227
19 0.03673984 95 81 123 227
2 0.030504284 47 43 110 240
19 0.029542211 54 37 162 196
20 0.029412584 87 26 121 218
19 0.026490102 87 26 121 218
7 0.023470327 95 81 123 227
13 0.023282355 64 45 150 240
18 0.020919671 95 81 123 227
8 0.019514244 95 81 123 227
21 0.019444067 64 45 150 240
18 0.018422041 83 56 136 240
6 0.018381473 87 26 121 218
17 0.015717616 78 55 138 192
5 0.014638438 83 56 136 240
