2 0.18530762 90 67 145 178
3 0.114105694 96 43 135 204
13 0.069678344 96 43 135 204
12 0.06746414 96 43 135 204
2 0.06283912 122 61 185 181
2 0.06022278 65 48 166 180
20 0.030866105 96 43 135 204
3 0.02933281 131 23 170 218
21 0.02630468 90 67 145 178
2 0.025167301 131 23 170 218
2 0.018904962 90 39 219 189
21 0.018397598 65 48 166 180
21 0.017017346 122 61 185 181
19 0.015521659 90 67 145 178
13 0.011469009 131 23 170 218
7 0.01068362 96 43 135 204
6 0.0078671565 96 43 135 204
21 0.0074676545 90 39 219 189
12 0.007249072 131 23 170 218
2 0.006535653 88 52 155 240
21 0.0061966856 131 23 170 218
8 0.0060605984 96 43 135 204
21 0.0059430217 81 0 156 240
3 0.005928592 65 48 166 180
20 0.0058253435 131 23 170 218
2 0.0057633063 118 42 204 130
5 0.0052217236 96 43 135 204
2 0.0052157585 160 57 257 176
