2 0.31567457 80 107 134 203
2 0.23725677 55 109 101 204
7 0.11957588 76 68 140 240
2 0.117330246 76 68 140 240
7 0.104344584 47 79 111 233
2 0.07323505 218 103 276 207
2 0.07001185 47 79 111 233
6 0.039971266 76 68 140 240
7 0.038143445 55 109 101 204
2 0.0334932 165 103 244 209
6 0.033243854 47 79 111 233
13 0.028436145 47 79 111 233
2 0.02809483 227 51 278 240
7 0.025537472 80 107 134 203
4 0.024780072 76 68 140 240
2 0.021411723 215 71 283 174
2 0.020916235 162 65 255 178
2 0.017905882 127 95 196 215
4 0.017061478 47 79 111 233
7 0.015681762 155 39 258 211
13 0.015431508 76 68 140 240
2 0.014307605 110 64 225 231
2 0.013804696 188 32 314 203
