13 0.625986 217 81 298 233
13 0.23075575 55 80 98 169
13 0.14984858 55 109 95 197
13 0.130262 87 67 131 175
13 0.1211351 83 105 134 199
13 0.062113665 47 40 100 208
13 0.03644672 242 43 320 240
13 0.03441601 269 139 316 238
13 0.031624645 223 61 282 185
7 0.031166518 55 109 95 197
18 0.029520547 214 108 302 240
13 0.024991537 267 93 320 218
7 0.02104208 55 80 98 169
2 0.020897226 202 96 306 211
7 0.019044967 222 91 297 223
13 0.018266672 162 86 252 222
13 0.017556073 75 72 143 236
7 0.0159585 83 105 134 199
