2 0.16613603 92 67 144 178
3 0.11672732 97 41 135 205
13 0.06621681 97 41 135 205
12 0.056539703 97 41 135 205
2 0.055693097 123 58 185 184
2 0.054669697 66 45 166 183
3 0.02922695 132 23 170 219
20 0.029101549 97 41 135 205
21 0.028198406 92 67 144 178
2 0.02246502 132 23 170 219
21 0.01878475 66 45 166 183
2 0.018456604 92 34 219 194
21 0.016415702 123 58 185 184
19 0.01506446 97 41 135 205
7 0.009862922 97 41 135 205
13 0.009847064 132 23 170 219
21 0.0075748586 92 34 219 194
6 0.0073376247 97 41 135 205
21 0.0065974426 132 23 170 219
8 0.006446853 97 41 135 205
3 0.006299275 66 45 166 183
5 0.006039299 97 41 135 205
2 0.0059164944 89 52 154 240
12 0.0059158644 132 23 170 219
21 0.005460275 83 0 154 240
