2 0.3626297 72 64 137 178
2 0.1456114 44 60 107 182
12 0.055955682 84 46 135 205
13 0.047278807 84 46 135 205
13 0.036625825 44 60 107 182
12 0.031814046 53 56 105 192
7 0.028957488 84 46 135 205
7 0.025712984 53 56 105 192
2 0.022332087 57 48 166 240
3 0.018759686 84 46 135 205
6 0.01680635 53 56 105 192
20 0.015585129 53 56 105 192
20 0.015417294 84 46 135 205
6 0.014924099 84 46 135 205
7 0.014435232 40 28 118 211
2 0.014285497 112 54 196 175
20 0.013248409 40 28 118 211
2 0.013192363 39 10 107 237
3 0.011376766 53 56 105 192
5 0.010572167 53 56 105 192
2 0.009182498 107 0 211 240
