2 0.5045529 69 39 142 207
3 0.08279356 81 55 137 191
18 0.04683569 81 55 137 191
6 0.039554946 81 55 137 191
13 0.038069338 81 55 137 191
2 0.03555824 66 26 160 147
2 0.026055647 32 27 118 214
12 0.025345782 81 55 137 191
19 0.018634826 81 55 137 191
7 0.0171096 81 55 137 191
21 0.013597846 63 37 150 196
20 0.013249044 81 55 137 191
5 0.011304973 81 55 137 191
2 0.010408016 84 69 130 231
2 0.009257486 115 58 206 175
2 0.008671299 54 61 172 240
2 0.006884993 49 53 98 191
6 0.0068030986 49 53 98 191
10 0.006702527 81 55 137 191
2 0.005901729 83 35 240 209
