2 0.41022605 184 58 256 169
2 0.37540665 193 39 283 188
19 0.103381515 206 62 283 174
13 0.087598905 206 62 283 174
18 0.05412834 206 62 283 174
13 0.027202655 184 58 256 169
2 0.026978357 208 89 305 203
8 0.026210474 163 55 264 173
8 0.025296204 198 51 295 182
2 0.021930328 169 0 320 171
19 0.020577163 208 89 305 203
19 0.020024018 203 40 293 240
3 0.018478518 198 51 295 182
2 0.017027605 167 89 265 202
18 0.016840491 184 58 256 169
19 0.016726943 184 58 256 169
2 0.0145911975 215 22 289 147
21 0.011099722 206 62 283 174
