2 0.610967 179 57 245 239
2 0.5107431 214 67 263 236
18 0.10622547 166 69 246 238
18 0.079863966 214 67 263 236
3 0.041546494 205 102 274 213
2 0.0398522 191 39 294 206
8 0.032741547 214 67 263 236
13 0.030846082 205 102 274 213
8 0.02937033 179 57 245 239
3 0.027217206 166 69 246 238
2 0.027116535 217 0 277 173
13 0.026389293 166 69 246 238
2 0.025254626 118 56 206 238
2 0.022634687 254 66 320 233
19 0.020847198 214 67 263 236
19 0.019541072 179 57 245 239
3 0.015856681 191 39 294 206
5 0.0154571505 205 102 274 213
2 0.013623305 267 0 320 169
