13 0.325485 255 26 320 240
13 0.1937346 56 40 94 136
13 0.09695247 85 32 129 142
20 0.08527204 255 26 320 240
12 0.051480412 255 26 320 240
7 0.050373714 56 40 94 136
13 0.04900144 209 0 310 240
18 0.047777414 249 44 320 240
8 0.044408306 249 44 320 240
13 0.042032406 223 38 294 206
2 0.041595224 248 76 320 218
13 0.03876174 51 4 97 168
20 0.033467084 56 40 94 136
11 0.02845976 249 44 320 240
7 0.022443961 249 44 320 240
19 0.020538881 249 44 320 240
13 0.019754263 79 0 136 179
20 0.01965683 35 5 109 162
