2 0.58140975 69 42 142 205
3 0.09099996 76 45 139 200
2 0.047746614 65 30 160 144
13 0.040711034 76 45 139 200
6 0.034481894 76 45 139 200
12 0.032608744 76 45 139 200
2 0.032149788 33 33 117 208
18 0.027729461 76 45 139 200
19 0.018699475 76 45 139 200
7 0.018142147 76 45 139 200
20 0.016053878 76 45 139 200
21 0.013519527 57 37 153 195
2 0.0123631405 112 66 209 168
2 0.0099429 52 61 174 240
2 0.0072703045 73 36 250 209
5 0.006970691 76 45 139 200
2 0.0063298848 96 41 220 128
2 0.0062315236 152 39 262 124
