13 0.39236382 258 81 320 234
13 0.20135888 89 72 137 174
13 0.059761442 211 27 305 240
4 0.054097287 89 72 137 174
7 0.051376183 89 72 137 174
20 0.046780594 253 68 320 240
13 0.039804872 79 39 141 209
13 0.03430257 86 108 141 193
13 0.034104243 57 68 97 175
13 0.030884264 233 65 276 178
13 0.030331384 225 102 294 208
7 0.02890081 261 100 320 214
18 0.025803998 261 100 320 214
13 0.024214135 277 72 320 175
8 0.022112502 258 81 320 234
7 0.019616472 86 108 141 193
2 0.018238522 89 72 137 174
20 0.017208029 89 72 137 174
13 0.013857676 52 109 95 193
11 0.013575839 261 100 320 214
8 0.013419922 89 72 137 174
12 0.013137961 89 72 137 174
