2 0.27461812 213 43 271 190
2 0.22968242 223 66 281 162
13 0.17211522 223 66 281 162
19 0.13310492 223 66 281 162
8 0.06063891 223 66 281 162
2 0.055430215 182 59 251 164
19 0.041763037 259 50 320 176
18 0.03911676 204 70 300 161
19 0.037500884 213 43 271 190
2 0.02920402 262 52 320 240
2 0.024579598 222 77 296 210
13 0.024322947 213 43 271 190
15 0.021084052 213 43 271 190
2 0.020805063 170 7 245 223
8 0.02057108 266 70 320 225
15 0.0195899 223 66 281 162
6 0.018083628 204 70 300 161
13 0.017731424 266 70 320 225
15 0.016367339 262 52 320 240
18 0.01568379 213 43 271 190
17 0.01394753 223 66 281 162
2 0.013547734 199 0 289 178
16 0.013259798 266 70 320 225
18 0.012173487 266 70 320 225
