2 0.25730267 85 53 133 240
19 0.11006803 79 48 134 199
12 0.06746068 96 73 121 233
2 0.06353005 55 30 160 204
2 0.06291479 96 73 121 233
3 0.058119174 96 73 121 233
5 0.054093555 96 73 121 233
20 0.053891577 96 73 121 233
3 0.04951395 88 19 119 222
13 0.04227626 88 19 119 222
12 0.039142735 88 19 119 222
19 0.03666688 96 73 121 233
13 0.034874316 96 73 121 233
13 0.032504857 79 48 134 199
2 0.027479472 49 44 106 240
19 0.026537878 88 19 119 222
20 0.025630178 88 19 119 222
19 0.022620695 65 39 150 240
6 0.02255502 96 73 121 233
18 0.021328276 96 73 121 233
21 0.020551216 65 39 150 240
7 0.019306062 96 73 121 233
8 0.018101549 96 73 121 233
18 0.014885523 85 53 133 240
5 0.014803371 85 53 133 240
6 0.013693134 88 19 119 222
17 0.013402017 79 48 134 199
13 0.012988854 65 39 150 240
