13 0.3595124 210 81 308 232
13 0.13768107 91 68 133 186
13 0.11253706 57 71 98 180
13 0.10883957 240 116 320 240
7 0.05921361 91 68 133 186
20 0.046715602 91 68 133 186
7 0.041622765 57 71 98 180
4 0.037677146 91 68 133 186
20 0.03536627 57 71 98 180
12 0.033594556 91 68 133 186
13 0.03289819 41 39 103 205
2 0.029370759 201 129 302 239
18 0.028227326 210 117 306 240
13 0.025841381 65 46 144 203
11 0.024139684 236 57 320 240
7 0.023616416 225 98 304 216
12 0.023027074 57 71 98 180
20 0.022364784 212 47 305 240
20 0.020985428 65 46 144 203
8 0.01949416 210 81 308 232
