13 0.33223388 243 86 320 231
13 0.1701458 214 39 306 240
13 0.13851383 90 73 136 177
13 0.07779974 57 68 100 179
13 0.07639741 229 104 300 211
7 0.06644785 90 73 136 177
4 0.049091227 90 73 136 177
20 0.04394003 90 73 136 177
7 0.041248035 57 68 100 179
13 0.04017504 264 144 320 234
13 0.035976257 67 40 143 208
20 0.03335016 241 59 320 240
12 0.031135585 90 73 136 177
13 0.03048269 223 145 300 233
13 0.027114404 176 156 239 225
20 0.027110355 57 68 100 179
13 0.026893733 41 30 103 212
18 0.024286296 250 112 320 240
13 0.022264274 86 105 143 198
2 0.02085611 90 73 136 177
13 0.020273408 233 65 279 180
20 0.01926383 67 40 143 208
7 0.018500844 262 103 320 213
20 0.017792843 262 103 320 213
