19 0.17041537 223 49 286 184
2 0.11434435 211 43 277 185
2 0.09436201 188 48 257 178
19 0.08306342 278 32 320 211
18 0.073865086 223 49 286 184
8 0.073510304 276 66 320 235
12 0.06859092 264 15 320 223
18 0.06833183 278 32 320 211
12 0.06033991 211 43 277 185
13 0.06019927 223 49 286 184
8 0.05882622 188 48 257 178
2 0.054540183 276 66 320 235
8 0.05414858 223 49 286 184
13 0.05033593 276 66 320 235
17 0.033394676 223 49 286 184
17 0.032363728 276 66 320 235
20 0.031891704 223 49 286 184
21 0.028715076 223 49 286 184
