3 0.24868035 59 39 243 202
21 0.2016018 98 0 223 240
21 0.18529588 198 19 298 223
21 0.16550983 143 4 269 235
20 0.14601955 128 23 205 161
3 0.13785759 118 0 200 185
17 0.10964043 3 38 208 200
20 0.10673372 198 23 314 220
12 0.09206561 122 0 202 191
20 0.09013858 75 145 168 229
20 0.0797497 112 2 218 235
3 0.07963005 115 18 278 225
16 0.07866061 38 53 185 240
16 0.07354952 72 105 162 240
16 0.0709344 7 27 139 210
16 0.067526355 59 39 243 202
20 0.06373429 268 34 320 208
19 0.062910356 7 27 139 210
17 0.062177666 180 36 305 210
20 0.061848175 167 5 250 231
