3 0.24415527 107 47 205 191
1 0.16174169 109 81 204 228
1 0.12781426 73 66 239 240
3 0.080682226 73 66 239 240
3 0.05482664 62 1 250 166
17 0.054757003 73 66 239 240
3 0.05328428 153 52 241 187
19 0.04707432 73 66 239 240
15 0.046215724 109 81 204 228
3 0.045317978 103 22 294 213
21 0.044731047 109 81 204 228
19 0.041626837 109 81 204 228
1 0.03054608 157 98 239 210
15 0.028498726 73 66 239 240
21 0.026556246 73 66 239 240
9 0.023347775 73 66 239 240
3 0.023175478 105 0 216 118
1 0.022605529 116 22 280 240
