3 0.30657142 62 38 239 202
21 0.22488387 194 21 303 220
3 0.21422245 120 0 202 184
21 0.21019726 97 0 225 240
21 0.18369119 139 2 275 236
20 0.13247058 123 24 209 161
21 0.12111417 121 0 203 178
20 0.10503061 196 23 316 220
17 0.102035925 0 36 210 201
20 0.1001557 74 147 167 229
3 0.09467908 119 13 274 230
20 0.083483756 72 98 167 213
16 0.0824333 39 48 184 240
12 0.07936885 121 0 203 178
16 0.07882903 11 24 134 213
16 0.07481441 71 107 161 240
20 0.074728236 113 7 219 229
21 0.07308704 52 10 179 227
20 0.0691464 33 91 121 219
20 0.06731393 266 34 320 208
