21 0.23153497 133 2 262 233
3 0.114590675 155 10 256 237
21 0.087182745 94 22 213 216
20 0.082439154 142 36 274 240
21 0.05797367 174 0 312 240
20 0.05706799 151 92 260 216
16 0.056751277 155 10 256 237
16 0.05320321 122 0 209 240
9 0.04493331 155 10 256 237
20 0.044774212 122 0 209 240
15 0.040728655 142 36 274 240
17 0.03203743 142 36 274 240
21 0.030531328 139 90 251 218
21 0.028391764 41 27 168 211
3 0.026322806 139 90 251 218
3 0.025833253 122 0 209 240
16 0.025273046 94 78 213 220
11 0.023482688 151 92 260 216
