20 0.07906072 50 110 94 195
12 0.0702303 50 110 94 195
12 0.06706248 48 70 106 231
20 0.06528454 51 81 90 161
12 0.058136884 51 81 90 161
4 0.056474473 88 106 131 195
20 0.054991744 88 106 131 195
20 0.053335 86 77 132 164
6 0.050797574 50 110 94 195
4 0.045732398 51 81 90 161
12 0.04439245 88 106 131 195
12 0.0434413 87 68 140 230
4 0.04331008 86 77 132 164
4 0.04315715 87 68 140 230
4 0.03809375 50 110 94 195
7 0.030804187 64 67 157 225
6 0.030011605 51 81 90 161
6 0.029165832 88 106 131 195
7 0.027020842 82 27 240 217
12 0.026042847 86 77 132 164
4 0.023095889 48 70 106 231
20 0.021368954 48 70 106 231
12 0.020702658 33 48 118 186
7 0.019693308 48 70 106 231
7 0.0191205 0 38 320 195
20 0.017809352 64 67 157 225
14 0.017565573 50 110 94 195
14 0.015480515 88 106 131 195
