12 0.08704318 54 79 92 164
6 0.07899785 54 79 92 164
4 0.052608155 89 74 130 168
4 0.05150974 89 41 140 197
12 0.050540082 89 74 130 168
6 0.04539099 54 104 92 205
12 0.044089727 51 53 104 186
12 0.042717993 30 35 126 198
6 0.038780868 89 74 130 168
12 0.030894015 54 104 92 205
4 0.029956248 61 39 172 187
4 0.02978609 54 79 92 164
12 0.029244049 61 39 172 187
4 0.028638745 51 53 104 186
12 0.02774038 94 103 131 204
4 0.027407052 94 103 131 204
7 0.027328217 57 56 171 236
20 0.026575636 54 79 92 164
7 0.02589855 79 22 248 225
20 0.025182784 89 74 130 168
6 0.025139412 94 103 131 204
14 0.024801467 43 11 272 229
12 0.02104433 89 41 140 197
7 0.020686906 89 72 142 229
6 0.018212264 51 53 104 186
7 0.017314488 46 78 105 225
2 0.017306453 54 79 92 164
4 0.0163617 128 30 192 204
20 0.016205216 54 104 92 205
4 0.015151154 30 35 126 198
