20 0.22419173 95 78 131 166
20 0.14335471 92 105 138 201
12 0.11548562 95 78 131 166
4 0.10689425 92 105 138 201
12 0.082769476 88 76 147 221
20 0.08195595 45 103 93 204
12 0.081421144 43 79 105 224
4 0.077000484 95 78 131 166
20 0.059123598 51 72 95 170
12 0.056878578 60 52 166 182
4 0.042112213 45 103 93 204
8 0.039913327 88 76 147 221
4 0.036069166 71 71 161 221
12 0.033719804 51 72 95 170
20 0.032468747 44 138 91 235
4 0.03097155 23 76 126 218
20 0.03032231 136 57 181 181
20 0.028513541 71 71 161 221
4 0.027884634 127 47 193 190
14 0.024520664 92 105 138 201
4 0.02442715 85 26 237 203
4 0.022423359 188 45 230 193
4 0.022265892 51 72 95 170
20 0.021873752 23 76 126 218
