20 0.09891737 90 105 138 202
12 0.09749219 81 95 144 216
20 0.07969589 89 76 133 168
14 0.071202874 81 95 144 216
4 0.07116288 68 79 153 218
4 0.06986471 90 105 138 202
20 0.066688545 55 104 99 201
12 0.06120281 51 89 108 222
20 0.056310743 52 80 96 162
18 0.050656363 81 95 144 216
12 0.048296142 89 76 133 168
20 0.042179976 68 79 153 218
12 0.041994058 52 80 96 162
8 0.04096623 81 95 144 216
4 0.03336482 37 79 119 222
4 0.031590834 55 104 99 201
6 0.029797236 68 79 153 218
11 0.029583953 68 79 153 218
14 0.029329568 51 89 108 222
18 0.027932234 51 89 108 222
4 0.025891067 89 76 133 168
14 0.025505448 0 33 319 206
7 0.024867704 81 95 144 216
14 0.02357434 89 76 133 168
