20 0.3502767 114 25 218 150
20 0.15004328 127 38 196 128
4 0.14849086 127 38 196 128
20 0.14488843 127 3 204 107
8 0.072196834 127 38 196 128
4 0.06553995 135 16 188 94
6 0.060716208 127 38 196 128
11 0.060555067 0 13 140 229
4 0.058913574 113 6 215 175
17 0.04709546 0 13 140 229
20 0.046343673 147 16 261 158
4 0.041138217 83 7 235 240
12 0.039024837 127 38 196 128
20 0.03702039 76 46 249 188
12 0.03338806 135 16 188 94
17 0.033040743 113 59 212 168
1 0.03191133 0 0 157 240
8 0.029515643 135 16 188 94
17 0.028730232 90 76 233 218
4 0.027641715 123 71 189 157
20 0.025714103 159 1 252 105
11 0.025521938 15 11 310 232
16 0.025518037 0 13 140 229
