20 0.22980613 95 79 131 166
20 0.14068823 92 109 139 198
12 0.10867335 95 79 131 166
4 0.106732085 92 109 139 198
20 0.08600399 46 106 93 203
4 0.08413878 95 79 131 166
12 0.078770794 92 109 139 198
12 0.065411285 42 85 106 218
20 0.057552483 50 73 95 170
12 0.048748598 60 51 167 183
4 0.03714328 69 78 165 215
8 0.035355993 88 82 148 214
4 0.032838233 46 106 93 203
20 0.032200463 69 78 165 215
20 0.032017928 46 140 90 234
12 0.02827528 50 73 95 170
20 0.02769598 137 60 180 180
11 0.026896315 69 78 165 215
4 0.02687897 127 47 192 189
4 0.025133558 22 79 127 216
4 0.02413713 187 46 231 193
4 0.023466414 90 24 232 205
20 0.022900674 22 79 127 216
14 0.022693658 92 109 139 198
4 0.02255533 41 96 104 240
