20 0.52851766 114 28 199 146
20 0.3628306 132 33 179 131
4 0.14200622 117 28 195 143
12 0.07985945 132 33 179 131
20 0.06479846 127 62 177 159
8 0.057525545 132 33 179 131
4 0.056827847 86 16 158 156
20 0.051580787 80 18 170 156
12 0.04794153 114 28 199 146
4 0.045905024 111 6 203 101
20 0.04043204 97 34 144 130
8 0.039913237 114 28 199 146
11 0.03927659 21 44 121 198
4 0.03157363 130 18 175 90
6 0.030960027 132 33 179 131
4 0.027109554 97 34 144 130
20 0.025829593 111 6 203 101
4 0.025425395 127 62 177 159
7 0.021900095 117 28 195 143
11 0.021765355 126 18 194 162
12 0.020576073 80 18 170 156
11 0.020276321 80 18 170 156
