20 0.32243663 90 77 133 167
20 0.15998131 87 102 141 201
12 0.12849535 88 83 138 162
20 0.11362104 39 102 105 202
12 0.09166536 65 58 158 178
12 0.091561 85 90 150 209
20 0.0818887 45 73 102 167
12 0.07390661 44 89 107 213
20 0.06290699 65 58 158 178
8 0.0578859 85 90 150 209
4 0.041443404 87 102 141 201
11 0.035628118 63 78 167 212
20 0.032962527 46 141 97 231
8 0.031088581 88 83 138 162
4 0.03095539 63 78 167 212
12 0.030782813 30 47 122 182
4 0.03003371 88 83 138 162
4 0.029945752 25 81 128 212
20 0.029021941 25 81 128 212
20 0.027963005 84 140 138 234
20 0.027734688 129 63 185 174
20 0.024493065 95 14 234 226
20 0.024431994 96 36 130 142
