20 0.6020373 110 3 192 170
20 0.20055494 126 39 181 128
4 0.09779462 114 48 205 186
12 0.08885056 126 39 181 128
17 0.07722163 114 48 205 186
20 0.07172042 122 75 182 154
20 0.06148031 81 0 171 110
8 0.047770523 126 39 181 128
20 0.04697282 133 19 176 89
12 0.046699062 76 0 175 179
12 0.04604789 122 75 182 154
20 0.041030742 97 37 150 131
11 0.039610386 66 0 179 173
12 0.038403533 133 19 176 89
4 0.038129788 71 35 167 201
11 0.035538122 114 48 205 186
4 0.034028467 122 75 182 154
16 0.0337094 103 0 207 174
20 0.031891756 71 35 167 201
17 0.031130785 71 35 167 201
