20 0.30018353 105 13 214 165
4 0.23048303 130 37 194 133
6 0.12629232 130 37 194 133
4 0.11809184 105 13 214 165
20 0.102601774 126 0 205 117
4 0.09575143 139 17 186 95
12 0.08034739 130 37 194 133
4 0.06258999 121 0 200 118
20 0.06108443 130 37 194 133
8 0.057516508 130 37 194 133
11 0.05461455 0 6 137 236
8 0.054547 105 13 214 165
20 0.05156305 139 17 186 95
12 0.043957155 139 17 186 95
12 0.040822383 105 13 214 165
4 0.03543311 0 6 137 236
6 0.032652415 139 17 186 95
1 0.03059543 0 0 171 240
7 0.030270966 122 28 206 139
20 0.028335901 138 12 267 168
4 0.028197441 129 66 185 161
4 0.027170416 71 0 249 240
17 0.026903506 0 6 137 236
6 0.023268552 105 13 214 165
12 0.022846663 126 0 205 117
20 0.022336973 162 0 250 122
