20 0.5420085 121 2 188 165
20 0.28637674 128 33 173 129
20 0.22467732 81 5 172 158
20 0.15050182 104 44 215 186
20 0.11413853 97 37 148 127
12 0.11343278 128 33 173 129
12 0.09620096 81 5 172 158
12 0.07866985 97 37 148 127
20 0.074577056 134 15 172 87
12 0.06951964 134 15 172 87
12 0.057758257 121 2 188 165
12 0.05620665 98 17 146 85
20 0.054054648 98 17 146 85
11 0.05145333 75 0 176 178
8 0.0495086 128 33 173 129
4 0.04925643 75 0 176 178
8 0.037993297 81 5 172 158
11 0.03463939 14 15 128 226
4 0.0283209 104 44 215 186
8 0.0276135 97 37 148 127
