20 0.41458216 118 11 188 163
20 0.22494562 124 30 171 132
20 0.15659636 103 52 214 179
20 0.13781461 68 6 179 166
11 0.11225752 15 15 128 228
12 0.09705912 124 30 171 132
17 0.08146215 103 52 214 179
20 0.080380216 90 39 145 128
12 0.06866168 133 15 175 89
17 0.06791167 65 43 181 192
20 0.06711465 133 15 175 89
11 0.059252426 73 11 174 165
8 0.058165185 124 30 171 132
12 0.056267016 90 39 145 128
12 0.04982495 96 18 144 85
20 0.044931058 96 18 144 85
12 0.044890456 113 65 182 160
20 0.040840603 87 0 164 106
20 0.040739566 83 65 148 163
12 0.038328305 106 5 203 167
20 0.03603612 13 46 128 194
4 0.035176408 103 52 214 179
17 0.03485022 13 46 128 194
11 0.034733716 103 52 214 179
