6 0.03426544 51 78 88 166
12 0.031509012 51 78 88 166
20 0.023723664 51 78 88 166
4 0.022440301 88 74 128 169
6 0.020698244 50 109 90 198
14 0.02023646 22 28 294 212
12 0.018901423 47 48 110 192
4 0.018848652 51 78 88 166
7 0.018439116 60 19 179 226
4 0.01791384 82 39 148 200
20 0.017194405 88 74 128 169
7 0.016548872 22 28 294 212
4 0.015692918 47 48 110 192
20 0.014335614 50 109 90 198
6 0.014038179 88 74 128 169
12 0.013777093 88 74 128 169
12 0.012424488 50 109 90 198
2 0.01177755 51 78 88 166
4 0.011485621 236 34 276 136
7 0.011235436 47 48 110 192
6 0.010864154 233 3 277 98
12 0.0106104035 61 41 168 189
4 0.010560915 91 108 128 198
6 0.01018831 47 48 110 192
6 0.009787591 91 108 128 198
4 0.0096417265 233 3 277 98
20 0.009481774 91 108 128 198
6 0.009189057 48 151 86 218
12 0.008921051 91 108 128 198
