20 0.13529304 89 82 136 164
20 0.07664408 90 112 136 193
4 0.060015924 81 76 143 176
12 0.056401018 89 82 136 164
12 0.055285387 82 75 150 227
4 0.046849094 90 112 136 193
4 0.043387998 65 44 155 192
12 0.037172966 90 112 136 193
8 0.030041438 82 75 150 227
11 0.02335071 75 71 148 221
20 0.022161236 82 75 150 227
6 0.022122744 89 82 136 164
12 0.021293595 32 83 112 224
4 0.018310253 124 45 195 199
4 0.017485088 185 58 235 183
4 0.017168438 98 20 217 209
20 0.016217979 132 72 187 171
20 0.016185611 45 109 95 199
4 0.016012385 230 68 275 171
14 0.014472773 82 75 150 227
4 0.014110771 190 32 230 137
4 0.013908264 27 73 110 224
6 0.013718526 82 75 150 227
4 0.013674279 140 33 185 140
8 0.013209719 89 82 136 164
14 0.012906388 90 112 136 193
