20 0.5547459 109 0 187 163
20 0.1321855 123 40 177 123
12 0.11116138 123 40 177 123
12 0.088845775 109 0 187 163
17 0.08587168 98 54 215 176
20 0.080340706 98 54 215 176
8 0.07165829 109 0 187 163
8 0.066611804 123 40 177 123
11 0.061035972 106 0 205 193
17 0.060972642 109 0 187 163
12 0.043960627 131 14 173 89
11 0.036326848 65 0 175 192
6 0.034762785 123 40 177 123
4 0.033287097 106 0 205 193
20 0.031288523 131 14 173 89
16 0.030698827 106 0 205 193
20 0.02838752 112 75 187 157
12 0.025496505 112 75 187 157
