20 0.4844908 119 18 190 156
20 0.27181867 130 29 174 139
20 0.16402481 78 11 172 164
20 0.08622145 101 39 145 131
12 0.08182398 130 29 174 139
4 0.07275075 111 43 206 185
8 0.06912197 130 29 174 139
20 0.06655358 124 1 189 101
12 0.06640157 101 39 145 131
20 0.059980277 171 19 237 147
4 0.059824746 80 12 168 162
12 0.05962468 133 16 176 92
12 0.058858942 99 17 143 90
11 0.058314215 80 12 168 162
8 0.0526112 123 53 179 173
11 0.04759668 24 35 116 203
20 0.04719763 84 0 163 106
11 0.046561576 111 43 206 185
12 0.045248646 78 11 172 164
8 0.038924735 101 39 145 131
11 0.038573876 101 39 145 131
20 0.035962127 133 16 176 92
20 0.03418378 132 0 269 178
