20 0.3787288 125 1 190 169
20 0.23020281 107 54 209 178
20 0.20633334 119 63 179 163
20 0.20313114 126 34 170 133
20 0.11934033 76 8 173 161
12 0.1086357 126 34 170 133
12 0.08354613 94 41 143 127
12 0.08310499 132 14 174 90
20 0.076783285 94 41 143 127
20 0.06576235 132 14 174 90
12 0.06446979 119 63 179 163
12 0.060966965 98 17 144 86
12 0.059075665 76 8 173 161
12 0.056257065 125 1 190 169
20 0.046450555 98 17 144 86
20 0.045514505 87 0 163 107
11 0.045360375 19 57 118 183
8 0.039830897 126 34 170 133
20 0.032059435 87 66 145 163
11 0.03094456 80 5 167 173
17 0.030377429 74 44 172 193
8 0.029759355 76 8 173 161
4 0.028706728 107 54 209 178
11 0.028604563 107 54 209 178
8 0.02806186 119 63 179 163
8 0.027631314 132 14 174 90
12 0.027256992 107 54 209 178
