20 0.3341658 87 76 132 169
20 0.18454057 87 98 139 207
12 0.10517672 82 82 149 215
20 0.103750445 40 100 100 207
12 0.09505987 86 81 135 164
12 0.07827783 66 50 156 187
20 0.07795672 45 71 99 170
12 0.07763127 39 90 108 211
20 0.06817388 66 50 156 187
11 0.062388036 67 67 162 225
4 0.0594714 87 98 139 207
4 0.056045875 67 67 162 225
8 0.044360545 82 82 149 215
20 0.036104906 85 142 132 233
4 0.032517888 86 81 135 164
20 0.0290381 44 142 96 234
4 0.028087892 39 90 108 211
12 0.02726537 45 71 99 170
20 0.025601588 24 79 128 215
12 0.025298528 85 142 132 233
20 0.024700418 133 58 179 178
20 0.024484692 95 0 233 240
8 0.02400118 86 81 135 164
12 0.023934044 29 45 122 185
