20 0.4114672 119 19 203 157
20 0.19767669 133 33 191 133
4 0.16407725 133 33 191 133
20 0.09357314 140 13 183 98
8 0.07640687 133 33 191 133
4 0.07330669 140 13 183 98
4 0.070960075 110 5 212 173
6 0.0564695 133 33 191 133
11 0.04875099 0 19 140 222
12 0.047521085 133 33 191 133
17 0.038701218 0 19 140 222
20 0.034725804 83 45 236 186
4 0.034163482 125 70 186 157
12 0.03343686 140 13 183 98
8 0.030635195 119 19 203 157
1 0.029902127 0 0 164 240
20 0.028884163 142 23 261 204
4 0.028612304 78 13 235 230
17 0.027870707 104 40 222 186
11 0.02577592 110 5 212 173
12 0.024543574 119 19 203 157
20 0.023234047 125 70 186 157
17 0.022762775 63 13 170 218
8 0.021202456 140 13 183 98
