20 0.32360318 93 77 132 170
20 0.18393935 90 103 140 203
12 0.13089876 93 77 132 170
12 0.08336039 69 54 157 182
12 0.07947704 90 103 140 203
8 0.07872221 85 84 147 214
20 0.07211693 46 103 102 205
20 0.06709434 50 72 101 173
20 0.065361634 69 54 157 182
12 0.052540142 44 85 107 216
4 0.045207653 90 103 140 203
20 0.040672388 92 32 227 200
20 0.038555857 136 58 180 183
8 0.034134254 90 81 137 163
14 0.032264218 90 103 140 203
4 0.030324457 90 81 137 163
4 0.029897818 70 77 160 214
20 0.02644722 26 80 128 214
12 0.023548814 30 49 123 182
20 0.023346508 86 138 138 237
20 0.023158 97 31 132 148
20 0.021649763 48 141 95 232
