12 0.2228045 79 90 153 211
20 0.14200395 93 84 132 159
12 0.10235899 61 53 163 180
4 0.10051339 89 107 139 196
12 0.099984504 93 84 132 159
20 0.09281751 89 107 139 196
12 0.08230327 40 90 114 213
8 0.07001082 79 90 153 211
4 0.058797233 93 84 132 159
14 0.051941328 89 107 139 196
4 0.044577584 64 80 160 215
20 0.041952267 49 110 97 197
12 0.038727764 31 49 123 183
20 0.037258226 53 78 94 162
11 0.03680435 64 80 160 215
12 0.033048276 49 110 97 197
14 0.030894063 81 78 143 168
20 0.028962448 64 80 160 215
12 0.028364994 53 78 94 162
7 0.024682598 0 39 320 198
4 0.022628779 49 110 97 197
16 0.021469641 89 107 139 196
6 0.020271413 64 80 160 215
6 0.019542795 89 107 139 196
