20 0.124433696 103 5 197 173
4 0.102315195 102 44 209 193
10 0.090435095 108 0 201 131
10 0.07955872 136 0 176 65
11 0.06324876 101 37 204 204
11 0.050561797 124 70 173 167
12 0.049545888 124 70 173 167
20 0.04789219 124 70 173 167
4 0.035622828 124 70 173 167
12 0.029690066 101 37 204 204
17 0.028917877 102 44 209 193
20 0.028473979 86 0 235 218
20 0.025136013 131 19 170 151
4 0.024021557 50 18 188 219
6 0.021227963 124 70 173 167
20 0.020052819 195 0 306 240
12 0.019548144 131 19 170 151
10 0.019430904 99 0 137 69
