20 0.07490749 53 88 95 155
20 0.059462663 88 111 141 194
20 0.059135955 93 88 128 156
12 0.04702021 85 89 144 207
20 0.046611194 49 111 102 195
4 0.043845523 88 111 141 194
12 0.04055872 45 83 110 214
4 0.03657171 93 88 128 156
12 0.035904597 53 88 95 155
12 0.034956407 60 78 164 219
4 0.03470409 53 88 95 155
14 0.02394991 88 111 141 194
12 0.023192175 93 88 128 156
4 0.022632098 49 111 102 195
4 0.022630345 81 74 141 169
4 0.022151167 45 65 110 176
4 0.020430382 60 78 164 219
6 0.019874727 88 111 141 194
12 0.018423006 29 52 122 185
6 0.017015647 53 88 95 155
7 0.015471854 85 89 144 207
8 0.01507822 85 89 144 207
6 0.0147649525 60 78 164 219
6 0.014724741 49 111 102 195
11 0.014553558 60 78 164 219
14 0.014333245 49 111 102 195
20 0.013390126 60 78 164 219
8 0.012817888 60 78 164 219
20 0.011958242 45 65 110 176
6 0.011952628 93 88 128 156
