4 0.19988224 125 26 200 149
20 0.16876401 125 26 200 149
6 0.110103965 133 44 200 116
8 0.09541139 133 44 200 116
6 0.0917972 138 22 191 83
4 0.080283426 103 0 226 179
4 0.0725526 138 22 191 83
12 0.060531527 133 44 200 116
20 0.046534944 138 22 191 83
17 0.04105829 125 26 200 149
21 0.036262672 125 26 200 149
20 0.033402473 159 21 240 157
8 0.028765539 138 22 191 83
7 0.026732162 126 19 206 145
4 0.026382132 64 18 255 226
11 0.02548383 125 26 200 149
20 0.025369022 91 31 243 192
4 0.025036726 159 21 240 157
12 0.023703909 138 22 191 83
6 0.02266745 90 50 145 114
11 0.02261867 0 1 143 236
