20 0.22453876 123 19 202 157
4 0.2161388 130 23 203 141
4 0.15816106 136 49 196 116
6 0.14538403 136 49 196 116
20 0.09191759 136 49 196 116
8 0.08904579 136 49 196 116
12 0.08584369 136 49 196 116
4 0.07018749 107 0 221 181
4 0.0617832 139 20 189 86
8 0.057859425 123 19 202 157
6 0.0514704 139 20 189 86
12 0.048154544 123 19 202 157
7 0.038991317 130 23 203 141
20 0.032578688 151 16 249 164
4 0.03203738 125 70 199 156
6 0.03061738 123 19 202 157
20 0.030490147 168 36 234 132
6 0.027449861 92 53 144 114
17 0.026752155 123 19 202 157
20 0.026678503 139 20 189 86
11 0.02423705 0 3 145 234
21 0.023213925 130 23 203 141
7 0.02081706 136 49 196 116
4 0.02031355 149 8 246 151
4 0.019690324 168 36 234 132
21 0.018929353 136 49 196 116
11 0.018673623 123 19 202 157
