20 0.17771634 120 29 203 152
8 0.11644491 130 50 200 116
20 0.114753716 130 50 200 116
6 0.093323566 130 50 200 116
20 0.092759326 136 15 197 89
4 0.089745216 125 31 207 135
4 0.07505513 136 15 197 89
12 0.063743845 130 50 200 116
6 0.059265997 136 15 197 89
8 0.0569126 136 15 197 89
20 0.05003927 114 0 214 116
8 0.044241928 120 29 203 152
11 0.042245544 3 21 132 222
20 0.04106895 135 66 189 159
11 0.040591296 130 50 200 116
20 0.039649513 167 36 233 131
20 0.03567436 144 16 257 144
21 0.02932037 130 50 200 116
4 0.027897457 135 66 189 159
4 0.02686364 116 52 216 173
12 0.026127603 136 15 197 89
20 0.025343593 167 7 235 95
11 0.025018478 120 29 203 152
6 0.024780128 90 53 142 118
8 0.024412464 167 36 233 131
11 0.023893433 135 66 189 159
