20 0.14411789 91 81 134 165
20 0.09270505 90 112 134 193
4 0.05977837 81 78 143 174
12 0.059238162 91 81 134 165
12 0.058246445 84 74 150 229
4 0.04451924 90 112 134 193
12 0.040920775 90 112 134 193
4 0.040608265 64 43 156 193
8 0.03789901 84 74 150 229
12 0.033625692 64 43 156 193
20 0.027227849 84 74 150 229
6 0.02541931 91 81 134 165
12 0.022974579 36 82 110 224
20 0.019384937 45 107 94 200
11 0.019077502 77 71 146 221
14 0.01767247 84 74 150 229
4 0.017178012 186 58 233 183
6 0.01681985 84 74 150 229
20 0.016783772 135 70 184 172
14 0.016518759 90 112 134 193
4 0.016391924 125 46 195 198
6 0.016031655 90 112 134 193
4 0.015953053 98 17 217 213
4 0.015147979 230 68 274 171
4 0.01466813 171 43 246 200
8 0.013296598 90 112 134 193
8 0.012895319 91 81 134 165
4 0.012882577 142 32 184 141
