20 0.090569355 54 85 93 158
20 0.07772895 50 108 100 195
12 0.07626516 50 108 100 195
20 0.07620365 85 108 138 194
12 0.07135416 46 77 113 220
12 0.06825732 81 81 145 214
20 0.058278635 89 85 129 158
4 0.05534639 85 108 138 194
12 0.04133334 54 85 93 158
14 0.036572956 85 108 138 194
4 0.03436647 50 108 100 195
4 0.031730585 54 85 93 158
14 0.026749011 50 108 100 195
4 0.025660774 89 85 129 158
4 0.019870995 54 81 168 214
12 0.019528853 89 85 129 158
20 0.019255608 54 81 168 214
12 0.019184286 84 138 133 227
6 0.01832341 50 108 100 195
8 0.01760016 81 81 145 214
12 0.017218221 44 138 97 230
20 0.016811755 44 138 97 230
6 0.016789418 85 108 138 194
11 0.016482597 54 81 168 214
7 0.016299985 81 81 145 214
20 0.014919184 46 77 113 220
20 0.014880675 84 138 133 227
2 0.014542046 81 81 145 214
12 0.014149946 56 54 163 180
