20 0.19252981 117 28 205 155
6 0.11249767 125 48 203 120
4 0.09926518 125 48 203 120
20 0.09098015 135 10 195 97
4 0.086255886 135 10 195 97
8 0.06838065 125 48 203 120
11 0.058357332 0 21 140 222
12 0.055186532 125 48 203 120
6 0.054258164 135 10 195 97
20 0.04994192 164 35 235 134
20 0.04304287 149 16 248 167
21 0.035911802 125 48 203 120
20 0.03571645 133 71 189 155
8 0.032255284 135 10 195 97
20 0.028178912 164 5 237 100
11 0.027414372 125 48 203 120
4 0.026842277 111 5 219 177
7 0.023500446 125 48 203 120
11 0.023496108 77 33 161 197
11 0.022792934 133 71 189 155
4 0.022445554 133 71 189 155
