20 0.4454375 119 18 193 152
20 0.30155212 133 33 179 130
12 0.10103387 133 33 179 130
4 0.09994562 111 19 199 148
4 0.078282066 118 2 193 103
20 0.073385574 124 66 179 158
12 0.06714041 136 19 175 90
12 0.061480682 119 18 193 152
20 0.060814496 84 10 169 159
8 0.058162257 133 33 179 130
20 0.057392288 100 28 146 133
20 0.056529094 106 27 214 203
4 0.05135907 136 19 175 90
4 0.05072466 79 15 166 154
20 0.049955454 136 19 175 90
4 0.040885027 133 33 179 130
8 0.040552888 119 18 193 152
6 0.040090136 136 19 175 90
12 0.034083694 84 10 169 159
7 0.033756033 111 19 199 148
6 0.033226512 133 33 179 130
12 0.032075655 100 28 146 133
12 0.031741917 102 13 143 92
11 0.03142695 22 32 127 208
4 0.028327277 100 28 146 133
4 0.027365519 124 66 179 158
6 0.026934199 118 2 193 103
