11 0.23841873 90 59 217 179
11 0.13557895 68 0 246 192
4 0.124985024 100 11 213 224
11 0.101226345 119 82 181 157
4 0.05513608 119 82 181 157
11 0.0339488 121 15 282 235
11 0.033880923 64 72 246 236
11 0.030609317 57 37 177 200
20 0.026854053 68 0 246 192
11 0.026730036 118 31 183 145
11 0.026691237 119 130 187 178
11 0.026120624 0 0 145 240
4 0.023627909 57 37 177 200
6 0.023223799 119 82 181 157
11 0.022363393 181 9 318 240
12 0.022002367 119 82 181 157
17 0.021459887 91 0 232 147
11 0.021326713 91 80 142 162
