20 0.4503318 107 5 190 157
20 0.38464734 84 0 224 182
17 0.117536075 99 52 213 178
12 0.100729726 107 5 190 157
12 0.095119424 125 45 174 120
20 0.09055023 125 45 174 120
17 0.07338671 107 5 190 157
12 0.06707691 84 0 224 182
4 0.060982525 99 52 213 178
12 0.05604253 134 24 177 83
8 0.051579695 107 5 190 157
11 0.042737927 84 0 224 182
20 0.042038154 134 24 177 83
12 0.039678372 112 76 184 154
8 0.039148305 125 45 174 120
20 0.03184671 112 76 184 154
4 0.030227004 112 76 184 154
6 0.029401852 112 76 184 154
17 0.028988304 64 26 178 208
