12 0.08274619 47 68 108 231
20 0.08041618 52 111 92 193
20 0.07628339 88 109 130 190
20 0.073382966 54 84 87 159
20 0.06808423 89 80 127 160
12 0.062648475 52 111 92 193
6 0.059888296 52 111 92 193
4 0.0579394 88 109 130 190
12 0.057873603 87 64 138 230
12 0.05119028 56 75 164 219
12 0.04835389 88 109 130 190
6 0.047270376 88 109 130 190
12 0.046271197 54 84 87 159
4 0.043989714 87 64 138 230
12 0.042905647 23 90 131 210
7 0.03953698 56 75 164 219
4 0.038313184 89 80 127 160
4 0.0340861 54 84 87 159
7 0.032474156 87 64 138 230
4 0.02807527 52 111 92 193
12 0.027438521 89 80 127 160
14 0.026652886 88 109 130 190
7 0.02496782 47 68 108 231
4 0.024876637 56 75 164 219
20 0.024779573 56 75 164 219
20 0.024434466 47 68 108 231
6 0.022701401 54 84 87 159
13 0.020997237 52 111 92 193
20 0.020576417 87 64 138 230
20 0.020386094 46 141 89 224
6 0.020299412 46 141 89 224
7 0.019878376 88 29 232 214
14 0.019641368 52 111 92 193
7 0.019029073 23 90 131 210
4 0.016524555 47 68 108 231
