20 0.1593911 93 77 130 169
20 0.11203022 91 108 136 196
4 0.08544262 93 77 130 169
12 0.079218745 93 77 130 169
12 0.07496038 86 82 146 216
12 0.072671525 91 108 136 196
4 0.06920415 91 108 136 196
12 0.041302506 65 51 159 184
4 0.038275402 86 82 146 216
4 0.03481284 65 51 159 184
8 0.026366249 86 82 146 216
20 0.024358355 86 82 146 216
20 0.024118513 48 107 93 200
12 0.022061879 41 91 106 211
20 0.021201601 136 69 179 172
20 0.019025918 52 70 93 174
4 0.017859915 100 21 218 210
4 0.017174443 187 58 229 184
6 0.016877372 91 108 136 196
6 0.016384324 93 77 130 169
4 0.016216425 126 45 196 195
20 0.015628597 65 51 159 184
4 0.015613686 231 69 275 172
11 0.014444833 76 75 150 218
4 0.014225049 136 69 179 172
20 0.014043176 93 145 134 228
4 0.013773169 142 34 181 138
20 0.013753643 97 32 133 148
4 0.013220162 48 107 93 200
