20 0.36879462 113 13 190 159
20 0.22847559 85 0 224 179
11 0.16975558 98 53 208 183
20 0.091134295 121 66 180 170
12 0.085776806 125 39 179 127
12 0.08570417 113 13 190 159
20 0.08416858 125 39 179 127
11 0.08397104 121 66 180 170
17 0.071030825 85 0 224 179
12 0.06316384 121 66 180 170
12 0.061413772 131 20 183 86
12 0.057703912 85 0 224 179
4 0.055138797 98 53 208 183
4 0.046404358 121 66 180 170
8 0.04376729 113 13 190 159
11 0.041570563 63 32 175 206
6 0.04119309 131 20 183 86
6 0.03795559 112 0 193 98
17 0.036536105 112 0 193 98
20 0.036271155 131 20 183 86
6 0.03345466 121 66 180 170
6 0.031616878 125 39 179 127
