20 0.56519926 106 1 190 162
20 0.18420018 123 40 176 124
20 0.11498085 98 52 215 176
11 0.11191566 88 0 217 171
12 0.108190924 123 40 176 124
8 0.09558092 106 1 190 162
8 0.07966368 123 40 176 124
17 0.06569501 98 52 215 176
4 0.06542341 98 52 215 176
20 0.061970513 116 66 184 164
12 0.058479417 130 15 175 91
12 0.05261662 106 1 190 162
20 0.051559616 130 15 175 91
6 0.04234557 130 15 175 91
12 0.04042515 116 66 184 164
6 0.039503627 123 40 176 124
4 0.038852844 116 66 184 164
17 0.0374597 90 0 215 129
8 0.03686153 130 15 175 91
