5 0.50891066 129 65 180 178
5 0.10790474 101 70 142 177
5 0.040770605 78 47 163 201
8 0.037450124 129 65 180 178
5 0.021768028 125 91 191 207
2 0.02122479 129 65 180 178
5 0.020395018 100 0 212 182
5 0.015299476 113 57 214 240
5 0.013673244 163 65 243 174
6 0.010474989 129 65 180 178
5 0.010126968 92 29 143 150
5 0.009464419 46 59 95 183
18 0.008738573 129 65 180 178
5 0.007755356 15 27 130 216
5 0.0072310595 35 38 108 134
5 0.0067045297 174 45 241 135
14 0.0055482853 129 65 180 178
2 0.0055228034 101 70 142 177
