5 0.51494485 74 0 161 240
2 0.07764507 67 0 157 238
18 0.06344066 71 49 161 204
19 0.06319272 71 49 161 204
6 0.046034083 67 0 157 238
5 0.04531397 96 32 217 221
13 0.04295457 71 49 161 204
5 0.032106347 28 0 112 240
10 0.030863713 71 49 161 204
5 0.027224224 61 21 174 157
7 0.02342566 71 49 161 204
4 0.020297913 71 49 161 204
5 0.018343348 151 25 262 212
18 0.016588392 8 27 139 224
7 0.015955172 40 37 205 207
10 0.015017451 8 27 139 224
18 0.014456033 79 8 141 168
6 0.014275925 79 72 145 222
19 0.014096477 40 37 205 207
19 0.013998911 8 27 139 224
