5 0.5025288 139 80 176 163
5 0.17064293 119 54 190 193
5 0.10886782 108 73 142 167
5 0.07543401 86 67 158 176
5 0.050598446 136 85 180 215
5 0.026834633 110 82 205 231
8 0.016749553 139 80 176 163
5 0.012599193 153 35 261 214
5 0.012336998 181 75 228 168
5 0.011732873 153 74 248 172
14 0.0116251465 139 80 176 163
2 0.00993965 139 80 176 163
6 0.009937405 139 80 176 163
18 0.009895511 139 80 176 163
14 0.009387682 108 73 142 167
5 0.008935405 187 54 302 187
5 0.0085033 77 39 160 143
5 0.007397671 137 44 180 136
5 0.006667445 96 16 222 165
4 0.0066225426 139 80 176 163
5 0.0061657224 225 68 277 173
2 0.005959259 108 73 142 167
8 0.005344553 136 85 180 215
5 0.005249551 97 35 140 142
5 0.0051553044 207 88 298 219
