5 0.4773068 132 70 176 173
5 0.22890656 103 73 142 169
5 0.06646104 86 47 158 200
5 0.03672446 132 53 191 135
5 0.031190798 87 52 155 131
8 0.02592628 132 70 176 173
5 0.024252899 105 5 206 178
5 0.017528916 128 89 192 207
5 0.015719183 162 66 247 172
5 0.014550233 179 53 227 188
5 0.0131145315 37 40 111 134
2 0.012958994 132 70 176 173
5 0.011156749 121 51 207 240
5 0.009495444 24 8 112 173
5 0.00857742 171 42 249 137
2 0.008557033 103 73 142 169
6 0.007856658 132 70 176 173
5 0.007254521 46 57 95 182
8 0.006863919 103 73 142 169
14 0.006722091 132 70 176 173
18 0.006329626 132 70 176 173
