5 0.32744235 131 65 174 177
5 0.1575352 99 76 144 167
8 0.07638995 131 65 174 177
5 0.074345775 82 53 164 189
8 0.030048009 99 76 144 167
2 0.02719314 131 65 174 177
5 0.023354797 120 84 195 220
2 0.01569226 99 76 144 167
5 0.013497426 157 57 250 186
5 0.012215975 115 37 206 150
6 0.011373948 131 65 174 177
18 0.01024213 131 65 174 177
5 0.009962971 181 48 228 189
14 0.008683596 131 65 174 177
20 0.007444748 131 65 174 177
4 0.007079177 131 65 174 177
6 0.006659781 99 76 144 167
14 0.0057631205 99 76 144 167
5 0.005068959 14 30 138 210
7 0.0050648204 99 76 144 167
