5 0.4244069 136 80 176 162
5 0.15539086 116 60 189 187
5 0.062427156 106 82 140 157
5 0.048567858 84 70 159 174
5 0.018529318 108 85 207 229
8 0.016152142 136 80 176 162
5 0.014270744 119 50 201 134
5 0.012177971 154 48 257 201
5 0.01142065 180 74 225 166
18 0.0110666705 136 80 176 162
2 0.01065304 136 80 176 162
6 0.010159445 136 80 176 162
5 0.01003549 186 57 304 185
5 0.00931992 73 43 162 139
14 0.0089073265 136 80 176 162
5 0.0076687187 94 16 221 166
2 0.007271011 106 82 140 157
5 0.006879056 208 9 297 240
4 0.006023191 136 80 176 162
5 0.0060110013 226 65 275 175
5 0.0052609937 95 39 136 136
5 0.0051055807 50 18 178 161
