5 0.8028587 77 7 158 239
5 0.09001125 110 0 202 240
5 0.088420026 118 60 195 178
5 0.08035639 5 10 140 234
19 0.036525983 48 57 198 198
19 0.031801466 80 42 156 204
19 0.026139824 5 10 140 234
5 0.024809336 125 41 292 240
5 0.021644846 17 46 118 188
5 0.021322388 136 92 190 213
8 0.01838264 73 34 158 211
5 0.018141456 173 96 254 204
5 0.017967658 157 26 254 213
5 0.017237592 168 66 242 173
5 0.017048217 212 138 308 227
5 0.013964357 163 123 320 240
5 0.012658707 70 128 152 240
5 0.01256639 36 55 183 240
5 0.011883763 172 141 261 225
