5 0.4956204 132 72 176 171
5 0.12437476 121 52 187 191
5 0.05266828 97 65 141 181
5 0.049955133 70 51 169 183
5 0.043769147 130 42 179 137
5 0.03171534 149 56 254 188
5 0.029070482 177 70 223 179
8 0.023861952 132 72 176 171
5 0.023598088 104 61 206 240
5 0.022614313 183 51 316 188
5 0.018018648 102 25 213 155
2 0.016458075 132 72 176 171
2 0.015862089 130 42 179 137
5 0.014435347 228 70 274 178
5 0.010394087 201 80 301 229
5 0.01035994 91 41 137 135
5 0.008131556 166 39 244 144
6 0.008003478 132 72 176 171
18 0.007906637 132 72 176 171
5 0.0062884106 183 49 225 128
