5 0.48154435 130 73 187 165
5 0.05862596 120 83 199 212
8 0.02510123 130 73 187 165
5 0.02362467 91 61 145 173
5 0.023531605 68 55 171 175
6 0.017644245 130 73 187 165
5 0.017078936 147 63 253 177
5 0.015080012 173 66 228 174
5 0.012313568 165 99 252 204
5 0.0121862255 187 52 306 183
2 0.011023595 130 73 187 165
5 0.010505782 94 70 223 233
18 0.009772419 130 73 187 165
5 0.009396137 120 37 202 139
5 0.0092378855 224 65 274 172
5 0.008768825 131 114 183 240
5 0.007575726 202 78 298 233
5 0.0070524225 135 45 183 132
5 0.0067938343 177 129 238 240
