5 0.43538362 134 78 172 163
5 0.21496606 106 73 138 165
5 0.18981773 117 66 183 182
5 0.1730295 86 76 158 171
5 0.031413775 131 82 177 218
5 0.027135376 110 71 197 240
8 0.023900058 134 78 172 163
14 0.013926566 106 73 138 165
5 0.013016689 99 42 138 140
18 0.012470895 134 78 172 163
5 0.011912082 79 40 159 141
14 0.011678348 134 78 172 163
5 0.010090231 100 84 136 215
5 0.009715239 116 38 199 147
5 0.008718132 149 73 252 174
5 0.008411826 138 44 175 139
5 0.008324321 192 58 302 184
8 0.008248502 106 73 138 165
5 0.007791194 62 13 170 168
2 0.007556894 134 78 172 163
6 0.007427046 134 78 172 163
18 0.007276252 106 73 138 165
5 0.0072370013 179 65 228 175
5 0.006681746 225 67 278 173
5 0.0065850024 76 44 161 240
5 0.005476604 30 30 115 143
