5 0.4167056 132 62 180 180
5 0.22687025 102 72 147 170
5 0.0977938 85 47 160 197
5 0.025871165 118 37 198 147
5 0.023817414 121 75 198 223
8 0.020832349 132 62 180 180
5 0.019555215 155 58 254 180
2 0.015659684 132 62 180 180
5 0.014770344 111 0 206 190
5 0.014453107 21 53 127 179
18 0.013515072 132 62 180 180
5 0.012891979 179 50 232 188
14 0.0091417255 132 62 180 180
5 0.008670443 65 4 174 173
5 0.008660819 46 48 100 193
6 0.008388982 132 62 180 180
2 0.0070682694 102 72 147 170
5 0.0066334456 99 82 139 220
