5 0.47997102 135 75 184 166
5 0.044739056 125 85 196 210
5 0.033352748 74 52 171 178
5 0.033202227 96 65 144 171
5 0.03273961 147 59 254 182
5 0.028745232 123 31 197 146
5 0.02811523 175 72 228 173
5 0.018121433 182 46 314 190
5 0.012881683 166 92 253 212
8 0.0121037625 135 75 184 166
6 0.0119119445 135 75 184 166
5 0.011424958 223 64 276 176
5 0.01080493 92 69 229 231
5 0.010614335 115 119 213 240
5 0.009123285 199 24 300 150
5 0.008717521 205 72 298 238
5 0.008000652 131 117 179 240
2 0.007874242 135 75 184 166
18 0.00774829 135 75 184 166
5 0.0074719726 164 38 244 141
5 0.0072150934 112 0 210 116
