5 0.5293218 139 80 176 163
5 0.18722512 119 56 188 191
5 0.16652651 108 77 141 163
5 0.11610505 87 70 157 175
5 0.047895707 134 86 181 213
5 0.028702432 109 75 205 239
8 0.018581446 139 80 176 163
14 0.01320428 108 77 141 163
5 0.012247146 122 45 200 140
14 0.01223661 139 80 176 163
5 0.011712263 149 74 251 173
5 0.011417417 180 72 227 168
18 0.010192484 139 80 176 163
5 0.010028334 77 39 160 145
2 0.009193361 139 80 176 163
6 0.009154049 139 80 176 163
5 0.008786789 188 55 303 186
5 0.00845494 140 49 180 131
5 0.0075009945 100 42 137 135
2 0.0072989897 108 77 141 163
5 0.0071890815 97 21 223 161
5 0.00712064 103 86 135 213
5 0.0064994767 225 65 279 174
4 0.0063394397 139 80 176 163
8 0.0056865425 108 77 141 163
8 0.0056454055 134 86 181 213
