5 0.47443292 131 65 175 178
5 0.1496569 100 71 141 172
5 0.046784427 81 48 160 199
5 0.031148132 127 53 191 135
8 0.028604094 131 65 175 178
5 0.020431262 81 55 154 127
2 0.019957319 131 65 175 178
5 0.019486576 101 0 210 189
5 0.01914994 125 83 192 213
5 0.016294401 161 69 247 170
5 0.016144838 89 29 139 147
5 0.014902814 180 53 227 187
6 0.011068167 131 65 175 178
5 0.010468964 32 43 111 131
2 0.009279825 100 71 141 172
18 0.00784074 131 65 175 178
5 0.007698317 21 63 122 168
5 0.007320547 170 44 249 136
5 0.006214536 44 56 96 182
6 0.0057119266 100 71 141 172
