5 0.47127753 221 97 279 212
5 0.074671276 178 89 251 211
5 0.070357315 208 23 288 228
5 0.031624734 4 121 43 240
5 0.025477756 259 86 320 217
8 0.020914827 221 97 279 212
5 0.018840218 10 105 38 203
14 0.011564828 221 97 279 212
5 0.011382701 152 36 264 213
5 0.011259856 137 86 181 222
5 0.010601066 273 68 320 173
5 0.010482429 182 62 234 179
14 0.010407392 4 121 43 240
2 0.0104064215 221 97 279 212
5 0.009996383 118 88 204 213
18 0.009564567 221 97 279 212
5 0.008657995 97 51 228 195
5 0.0077018826 96 87 133 221
