5 0.50984716 117 38 194 205
5 0.050276738 94 0 223 227
5 0.045123156 70 37 162 209
5 0.043615762 159 54 254 179
18 0.039225258 100 20 205 163
5 0.036868863 138 2 274 240
5 0.026207807 138 13 179 167
10 0.02564139 108 17 211 226
18 0.025163854 117 0 198 120
6 0.024023995 100 20 205 163
5 0.015208061 117 0 198 120
18 0.014676463 87 30 241 213
5 0.014147672 185 63 230 182
5 0.013316666 19 42 118 202
5 0.012731271 95 51 139 195
21 0.012564385 87 30 241 213
5 0.012189814 46 0 192 196
15 0.011726014 108 17 211 226
