5 0.8393444 76 0 163 240
5 0.09847001 112 1 202 239
5 0.09133445 12 2 128 240
5 0.08402954 114 58 198 181
19 0.05496574 35 57 209 197
19 0.04327798 9 15 136 230
19 0.03949223 83 44 152 201
8 0.0338402 73 34 157 208
5 0.03370231 84 78 145 226
5 0.027965683 136 47 283 240
5 0.022861462 27 71 106 227
5 0.019306842 173 93 255 208
5 0.016548457 209 140 312 225
5 0.016141644 132 92 192 211
7 0.015849277 35 57 209 197
5 0.012888994 69 140 154 240
5 0.012764689 163 127 320 240
5 0.012510996 167 66 243 176
