5 0.40854862 216 86 279 213
5 0.060853515 175 90 254 211
5 0.03596576 6 126 41 240
5 0.01906607 11 106 39 202
5 0.018675772 259 85 320 217
8 0.017714342 223 96 280 211
5 0.017174035 206 41 297 202
14 0.014172351 223 96 280 211
2 0.012452197 223 96 280 211
5 0.01192545 134 85 184 224
14 0.010836061 6 126 41 240
18 0.010425763 223 96 280 211
5 0.0100191645 182 60 234 179
5 0.008748964 95 47 231 200
5 0.008358109 222 139 281 240
5 0.0074308272 0 90 55 223
2 0.0070532053 6 126 41 240
5 0.0069416226 116 71 210 174
