5 0.5313031 219 83 278 218
5 0.10897411 207 24 292 227
5 0.06328149 176 86 252 214
5 0.037874818 4 123 43 240
5 0.027405782 260 90 320 214
5 0.019732738 10 103 39 205
5 0.014345756 154 35 263 213
8 0.014039994 224 94 277 216
14 0.012818325 224 94 277 216
5 0.011444945 182 66 234 176
14 0.011303735 4 123 43 240
5 0.010927354 274 67 320 173
5 0.010176097 138 83 180 224
5 0.009756984 116 84 207 215
18 0.009437646 224 94 277 216
2 0.009197439 224 94 277 216
5 0.008534643 218 137 287 240
5 0.008462671 95 51 230 193
5 0.008000217 53 86 86 221
