5 0.76206964 71 0 158 240
5 0.06488934 127 60 189 171
5 0.063886166 107 7 198 228
19 0.05959155 73 37 154 213
5 0.058638867 20 0 120 240
18 0.051286172 73 37 154 213
5 0.048218623 77 11 143 167
19 0.040805504 3 2 136 240
19 0.03411479 38 49 213 200
5 0.029998448 83 74 145 224
18 0.026619973 3 2 136 240
5 0.024983332 124 47 289 240
7 0.021266242 38 49 213 200
5 0.021228898 153 29 253 209
2 0.019466668 73 37 154 213
5 0.018659472 131 92 195 200
18 0.017683739 38 49 213 200
2 0.016938627 3 2 136 240
5 0.016652396 170 61 240 175
7 0.01663419 73 37 154 213
