5 0.5455288 135 78 174 165
5 0.26845756 107 78 140 162
5 0.22018376 119 60 183 187
5 0.20356593 88 73 157 171
5 0.029114934 109 73 200 239
8 0.02406473 135 78 174 165
14 0.01637038 107 78 140 162
5 0.015666248 119 40 202 144
5 0.014187441 78 41 160 143
5 0.012919792 100 48 135 135
5 0.0126526635 139 50 179 134
14 0.01260532 135 78 174 165
18 0.010072894 135 78 174 165
5 0.009599438 148 75 252 172
8 0.009386527 107 78 140 162
2 0.009340498 135 78 174 165
6 0.0092022875 135 78 174 165
5 0.00839836 102 86 135 213
5 0.008121379 178 69 228 171
2 0.007823471 107 78 140 162
5 0.007478693 132 117 178 240
5 0.007166213 22 55 124 183
5 0.0070730783 190 59 306 184
5 0.0065713795 106 0 211 194
18 0.0063427617 107 78 140 162
