5 0.5096602 135 76 172 166
5 0.39543262 111 65 189 183
5 0.259626 100 70 142 168
5 0.18340655 80 63 164 179
5 0.04480404 132 90 176 212
8 0.016646938 135 76 172 166
14 0.014684083 100 70 142 168
5 0.013482257 61 58 172 240
14 0.01274213 135 76 172 166
5 0.009216991 150 39 259 208
5 0.008834612 97 38 137 142
5 0.008764739 89 9 228 174
5 0.0085415635 118 42 202 147
5 0.008024981 178 70 223 172
5 0.0077382955 11 13 129 227
18 0.0073584802 135 76 172 166
2 0.006701523 135 76 172 166
5 0.0063668843 45 52 88 182
8 0.006000589 100 70 142 168
5 0.0058261007 112 112 208 240
2 0.005374712 100 70 142 168
5 0.0051966384 192 60 305 186
