5 0.45501116 133 72 177 172
5 0.22042769 103 72 143 170
5 0.07036131 87 48 160 197
5 0.038613737 132 49 193 138
5 0.02702757 94 34 141 143
8 0.02373165 133 72 177 172
5 0.023480687 107 6 207 177
5 0.017534215 127 88 194 209
5 0.01657957 163 65 247 174
5 0.014641038 34 42 112 135
2 0.013132542 133 72 177 172
5 0.009516966 23 60 123 176
14 0.0074152537 133 72 177 172
2 0.0072701103 103 72 143 170
6 0.007052181 133 72 177 172
5 0.0069082887 46 59 96 182
5 0.00605871 186 42 232 133
18 0.0060394416 133 72 177 172
