5 0.4373654 134 78 173 163
5 0.21583098 105 73 138 165
5 0.19231828 117 66 183 181
5 0.17534359 86 76 158 170
5 0.026578363 110 72 197 240
8 0.024518063 134 78 173 163
5 0.013209747 98 42 139 139
14 0.013059276 105 73 138 165
5 0.012692152 80 40 159 141
18 0.011598366 134 78 173 163
14 0.010814669 134 78 173 163
5 0.010123035 117 37 199 147
5 0.00980848 100 83 136 216
5 0.008881538 150 73 251 174
5 0.008719352 138 42 176 140
8 0.008252836 105 73 138 165
5 0.008211084 193 59 301 184
5 0.007684289 63 14 171 167
2 0.0074435584 134 78 173 163
5 0.0073088254 178 64 229 175
6 0.007175306 134 78 173 163
18 0.007134604 105 73 138 165
5 0.0064441827 225 66 278 173
5 0.0063871928 75 44 163 240
2 0.0059075765 105 73 138 165
5 0.0058053783 129 107 178 240
5 0.0055458085 104 0 215 186
