5 0.451008 134 78 177 164
5 0.15522732 119 56 188 190
5 0.07996514 106 79 140 162
5 0.055648845 83 65 161 178
8 0.019421736 134 78 177 164
5 0.016565349 109 80 207 236
5 0.011493059 117 45 203 138
5 0.011469005 155 40 255 209
2 0.01115397 134 78 177 164
6 0.010968455 134 78 177 164
18 0.010753823 134 78 177 164
5 0.010339241 178 75 225 165
14 0.008896412 134 78 177 164
2 0.008396905 106 79 140 162
5 0.0075304885 182 57 310 185
5 0.0074710213 98 16 217 165
5 0.0071342667 135 44 177 136
4 0.0059318407 134 78 177 164
5 0.005521967 210 11 296 240
14 0.0051843636 106 79 140 162
