5 0.4586118 133 76 177 168
5 0.12834178 122 52 188 188
5 0.08208107 96 68 142 175
5 0.06775636 77 57 165 178
5 0.030450337 131 39 185 141
5 0.030374834 175 70 224 177
5 0.026477635 149 55 251 188
5 0.025766393 108 66 207 238
5 0.023041109 182 49 313 190
8 0.015882703 133 76 177 168
5 0.014937345 105 17 213 163
5 0.014863401 228 66 273 179
2 0.011750881 133 76 177 168
5 0.010660495 204 72 300 237
5 0.009214525 86 36 139 138
6 0.009160187 133 76 177 168
5 0.008023196 180 93 221 218
5 0.0072214445 164 39 241 144
18 0.0071984082 133 76 177 168
