5 0.35765716 83 67 152 173
5 0.15627018 101 53 137 186
5 0.07123918 112 68 203 167
5 0.060768113 77 34 160 143
5 0.060436234 84 11 153 236
5 0.05601282 89 72 139 229
5 0.027066356 109 14 204 240
5 0.016492447 25 51 111 186
5 0.015078425 132 40 178 197
18 0.013927878 101 53 137 186
5 0.013191445 118 43 191 135
5 0.010083247 15 5 132 240
8 0.010006241 101 53 137 186
18 0.009646494 85 59 157 190
18 0.009318117 77 34 160 143
8 0.008998806 89 72 139 229
8 0.007948171 227 85 288 225
17 0.0075971303 101 53 137 186
21 0.007538891 84 92 158 207
