5 0.45579296 226 100 271 207
5 0.15239282 178 97 252 203
5 0.0508542 214 68 278 182
5 0.04914367 199 37 289 214
8 0.028693533 226 100 271 207
5 0.024148239 222 125 281 238
5 0.018825667 184 68 234 175
5 0.015819931 259 90 320 211
14 0.014964537 226 100 271 207
5 0.014149368 8 104 38 201
5 0.013496733 157 38 263 215
5 0.01217131 110 93 210 207
8 0.011522462 188 93 237 213
14 0.011451793 0 130 38 234
5 0.011067503 96 55 224 240
5 0.010872083 135 88 180 221
5 0.01035272 178 116 235 240
2 0.009517758 226 100 271 207
5 0.008247902 273 128 318 240
18 0.008163041 226 100 271 207
5 0.007819443 266 68 320 169
