5 0.7215538 75 0 161 240
5 0.077685505 123 54 190 180
5 0.071355544 113 0 197 235
19 0.0477754 79 36 150 211
5 0.037442293 154 32 255 205
5 0.027541045 24 0 116 240
19 0.027375612 35 44 214 202
7 0.026644448 35 44 214 202
2 0.025402524 79 36 150 211
7 0.02191441 79 36 150 211
18 0.021011245 79 36 150 211
19 0.017523795 10 18 130 230
5 0.016458895 178 68 231 177
5 0.015515286 91 0 146 130
5 0.015410459 129 65 280 234
6 0.0145471245 29 72 102 230
6 0.014270088 68 10 164 229
5 0.013881634 173 31 320 240
