4 0.24261165 124 17 184 145
4 0.22565825 142 37 185 129
4 0.12145854 162 19 226 147
12 0.1189187 142 37 185 129
8 0.11271336 142 37 185 129
12 0.08813614 124 17 184 145
6 0.08635292 142 37 185 129
20 0.081202105 124 17 184 145
6 0.067069136 124 17 184 145
8 0.053124975 176 39 228 127
8 0.051927574 124 17 184 145
6 0.050121326 162 19 226 147
12 0.046009216 176 39 228 127
20 0.0310353 142 37 185 129
8 0.030696653 153 59 249 164
20 0.029466042 162 19 226 147
20 0.02824659 153 59 249 164
20 0.027897073 105 45 212 172
12 0.02631649 164 23 248 141
8 0.025337307 105 45 212 172
4 0.022345867 105 45 212 172
12 0.022078404 105 45 212 172
2 0.020825764 142 37 185 129
12 0.01871089 202 28 277 135
4 0.018341083 153 59 249 164
20 0.01595457 167 103 244 190
20 0.01550149 143 34 271 198
8 0.015359375 141 64 191 165
20 0.014867946 199 66 290 159
