7 0.3445733 166 22 248 198
6 0.15614781 166 22 248 198
7 0.14037783 173 74 245 162
6 0.11562931 173 74 245 162
6 0.07049595 177 50 229 124
2 0.07049396 166 22 248 198
2 0.052294068 173 74 245 162
12 0.03245021 177 50 246 172
11 0.028876 166 22 248 198
7 0.025274538 186 3 313 228
8 0.022630498 177 50 246 172
4 0.018913347 177 50 246 172
7 0.016490089 177 50 229 124
6 0.014923385 191 10 294 211
6 0.013735444 125 29 199 137
2 0.01343599 177 50 229 124
6 0.012856459 139 43 177 134
7 0.011980804 125 29 199 137
6 0.011291391 218 80 275 154
