21 0.035233986 18 16 297 217
3 0.020902792 18 16 297 217
20 0.015978003 149 37 280 240
16 0.013009735 18 16 297 217
12 0.012431755 149 37 280 240
12 0.011739175 181 59 232 113
19 0.010058704 18 16 297 217
18 0.0096198935 0 21 81 229
12 0.009560989 155 32 256 133
21 0.00924859 149 37 280 240
12 0.009221532 170 98 249 197
6 0.009093574 181 59 232 113
20 0.008154446 181 59 232 113
15 0.007900418 18 16 297 217
21 0.007889656 100 26 240 216
7 0.007855179 18 16 297 217
17 0.007351225 18 16 297 217
16 0.0065121786 109 56 293 240
