6 0.10733285 28 12 89 159
6 0.08291993 0 8 55 164
6 0.037006423 36 49 100 123
6 0.035330962 1 47 59 127
12 0.019863587 16 15 112 148
7 0.016733456 0 0 176 217
14 0.013922455 57 37 275 240
6 0.011334555 73 4 144 163
12 0.010886572 0 0 61 169
14 0.010679609 0 0 176 217
6 0.0105396835 0 14 167 160
6 0.010356025 122 0 189 177
6 0.009922388 47 7 89 104
7 0.0098777525 16 15 112 148
6 0.009700543 133 52 179 118
17 0.00962515 16 15 112 148
10 0.008663314 0 0 176 217
15 0.008553404 57 37 275 240
7 0.007689642 45 0 284 227
16 0.007635462 16 15 112 148
6 0.0074075283 88 52 139 118
11 0.0072035193 16 15 112 148
21 0.006915308 57 37 275 240
