6 0.2565426 181 85 237 172
12 0.24014632 181 85 237 172
6 0.18107873 185 110 233 204
12 0.12108006 185 110 233 204
12 0.10454374 156 14 242 209
12 0.05527877 227 72 278 183
6 0.048500787 133 83 202 167
4 0.046577882 176 61 236 191
4 0.043273866 185 110 233 204
20 0.03979932 181 85 237 172
6 0.0380399 227 72 278 183
12 0.028297847 172 0 316 240
4 0.027868338 156 14 242 209
6 0.027167758 181 41 239 144
6 0.02557331 132 106 200 207
20 0.025496861 156 14 242 209
8 0.021137886 176 61 236 191
20 0.02043633 227 72 278 183
12 0.01968149 108 3 213 226
12 0.019573655 181 41 239 144
16 0.015475721 185 110 233 204
4 0.015302194 213 58 280 191
16 0.015098441 181 85 237 172
20 0.014383928 185 110 233 204
4 0.013890054 133 83 202 167
