12 0.20144625 90 25 130 150
20 0.083022304 90 25 130 150
2 0.0530377 90 25 130 150
6 0.043300744 81 29 139 135
12 0.039561637 100 51 136 173
12 0.033583265 66 0 155 166
8 0.030106641 90 25 130 150
20 0.029920623 100 51 136 173
4 0.028779281 90 25 130 150
20 0.02159191 66 0 155 166
17 0.019767813 81 29 139 135
13 0.01625183 90 25 130 150
7 0.013751489 90 25 130 150
16 0.012785032 81 29 139 135
17 0.010964844 66 0 155 166
8 0.0077998745 66 39 160 176
8 0.0069133695 100 51 136 173
21 0.0063474346 81 29 139 135
6 0.0061935065 66 39 160 176
12 0.00550147 134 34 184 136
20 0.005393169 114 45 195 178
6 0.005373204 117 14 190 147
2 0.005200876 66 39 160 176
20 0.0051801247 85 3 233 226
16 0.0051329695 66 39 160 176
