20 0.28811374 184 0 223 128
12 0.045198523 184 0 223 128
21 0.038944494 96 11 235 236
2 0.025658311 184 0 223 128
3 0.019840978 50 0 270 240
20 0.019331513 179 0 233 70
8 0.0147374505 192 0 229 119
9 0.014703687 50 0 270 240
4 0.012850782 184 0 223 128
21 0.012835254 170 0 247 240
20 0.012379103 168 0 233 179
21 0.011522654 41 20 192 224
19 0.011066024 50 0 270 240
20 0.010463584 138 0 188 124
20 0.009718359 213 0 267 133
3 0.009564997 128 0 205 240
7 0.008866772 184 0 223 128
12 0.0076143453 179 0 233 70
8 0.006713986 179 0 233 70
21 0.006523571 129 75 281 226
