12 0.2970943 190 86 230 167
6 0.15839536 190 86 230 167
12 0.13691694 189 103 221 207
12 0.08706759 179 49 227 201
4 0.06760874 189 103 221 207
4 0.05432262 190 86 230 167
12 0.053961396 235 74 270 177
6 0.051537972 145 77 190 169
20 0.04666506 190 86 230 167
6 0.045719504 189 103 221 207
20 0.035063475 179 49 227 201
4 0.03490326 179 49 227 201
6 0.031212488 191 42 230 138
12 0.027163051 191 42 230 138
4 0.027070284 145 77 190 169
12 0.026947526 145 77 190 169
6 0.022194695 179 49 227 201
12 0.021786576 218 57 272 193
6 0.021219064 235 74 270 177
4 0.019358484 218 57 272 193
8 0.018084116 179 49 227 201
4 0.017586973 235 74 270 177
20 0.016909953 235 74 270 177
6 0.01650136 144 98 189 213
6 0.016340807 232 174 272 240
12 0.015748212 232 174 272 240
4 0.015442721 127 41 195 208
4 0.015221864 208 5 282 224
4 0.013594969 144 98 189 213
6 0.013386067 140 40 187 136
