20 0.26893285 183 0 225 116
12 0.04552219 183 0 225 116
21 0.04470725 93 1 239 240
20 0.025474472 172 10 236 151
2 0.019214606 183 0 225 116
21 0.01806 49 5 187 240
3 0.01777935 39 2 278 240
21 0.015365121 168 0 251 240
6 0.014433249 183 0 225 116
21 0.0135496175 184 0 234 113
8 0.013292494 183 0 225 116
9 0.012593374 39 2 278 240
3 0.012215479 183 0 225 116
20 0.01138019 134 0 195 112
4 0.008857902 183 0 225 116
20 0.008715652 213 0 269 110
20 0.00818762 130 0 285 240
20 0.007863653 170 0 245 75
20 0.007262946 166 43 241 204
21 0.0069486448 70 39 171 199
