6 0.015692675 251 37 320 200
6 0.013835292 268 74 320 171
6 0.008991913 232 38 290 137
11 0.008408353 251 37 320 200
4 0.008331895 247 13 320 220
17 0.008110593 195 18 301 222
1 0.008077076 162 0 320 240
1 0.00718506 60 0 268 240
17 0.0069680642 247 13 320 220
17 0.006475818 98 0 219 240
6 0.006369112 276 50 320 131
7 0.0062424745 234 33 320 211
18 0.0059469454 251 37 320 200
15 0.0056632203 162 0 320 240
1 0.0054015126 234 33 320 211
3 0.005371944 97 0 219 240
12 0.005349191 234 33 320 211
7 0.005300504 195 18 301 222
