12 0.25136778 185 86 236 170
6 0.23962761 185 86 236 170
12 0.15121453 180 42 235 206
6 0.1425244 188 106 232 207
12 0.13835363 188 106 232 207
6 0.056026686 138 80 198 168
6 0.04894482 180 42 235 206
12 0.048170667 232 75 277 177
4 0.041322306 180 42 235 206
12 0.038124744 216 49 279 198
6 0.033180658 232 75 277 177
20 0.029433714 185 86 236 170
20 0.027052924 161 18 242 203
4 0.025065765 188 106 232 207
4 0.02312927 185 86 236 170
12 0.023107229 187 0 304 236
12 0.021860948 110 1 211 227
6 0.018001 231 176 276 240
16 0.016618518 188 106 232 207
4 0.015914148 216 49 279 198
12 0.015167636 138 80 198 168
6 0.015077063 132 46 199 133
12 0.01498606 165 12 244 167
20 0.014915896 188 106 232 207
20 0.0146842515 232 75 277 177
12 0.014474621 231 176 276 240
