12 0.17717631 90 29 132 149
20 0.14999785 90 29 132 149
12 0.05388213 98 71 130 161
20 0.05302026 98 71 130 161
20 0.040338952 68 23 151 146
8 0.03652804 90 29 132 149
8 0.033473592 70 50 151 167
8 0.0300114 98 71 130 161
6 0.028106082 90 29 132 149
4 0.025217926 90 29 132 149
12 0.01988413 70 50 151 167
2 0.01577509 90 29 132 149
7 0.015685592 90 29 132 149
6 0.01160871 98 71 130 161
17 0.010951024 79 32 141 131
13 0.0095761325 90 29 132 149
6 0.007814437 70 50 151 167
16 0.007813405 79 32 141 131
17 0.0074104695 70 50 151 167
20 0.006639277 89 14 229 217
20 0.006529022 112 49 194 176
16 0.006065259 70 50 151 167
20 0.0059341704 136 62 181 176
