2 0.092024416 179 15 251 206
7 0.090222254 179 15 251 206
7 0.054228157 182 70 237 165
8 0.050894078 179 15 251 206
2 0.046399243 182 70 237 165
7 0.041137468 200 8 284 214
6 0.038347032 200 8 284 214
8 0.031696923 200 8 284 214
2 0.027663307 200 8 284 214
7 0.026613807 185 51 229 124
12 0.026392847 180 53 248 173
6 0.024942802 179 15 251 206
8 0.023534637 182 70 237 165
11 0.023032865 179 15 251 206
6 0.021048598 217 76 269 161
2 0.02080179 185 51 229 124
6 0.02037369 185 51 229 124
6 0.019984106 182 70 237 165
7 0.018297471 217 76 269 161
11 0.018149462 200 8 284 214
12 0.016748853 204 53 292 175
2 0.014624176 217 76 269 161
12 0.013681241 175 0 248 234
8 0.013654787 217 76 269 161
16 0.0132314805 179 15 251 206
