12 0.3356497 187 81 233 175
4 0.09191459 175 53 233 194
6 0.09145431 187 81 233 175
12 0.067673944 162 25 242 206
12 0.04318728 143 74 189 176
12 0.030648448 189 34 236 153
12 0.029330788 232 59 274 194
20 0.02651162 187 81 233 175
6 0.025359442 143 74 189 176
4 0.023802364 143 74 189 176
4 0.01808093 152 41 258 240
12 0.016133787 236 174 273 240
6 0.015920606 189 34 236 153
4 0.01591836 213 53 274 192
4 0.015762944 170 11 320 221
12 0.0150901545 126 9 195 226
12 0.012752798 170 11 320 221
13 0.012568235 187 81 233 175
12 0.012131334 280 166 316 240
4 0.012092031 126 9 195 226
12 0.010308704 213 168 294 240
7 0.00991999 175 53 233 194
