8 0.23322003 72 119 140 187
6 0.10877491 83 126 128 186
8 0.06663102 76 138 148 227
16 0.052316327 83 126 128 186
17 0.041643664 72 119 140 187
12 0.03839444 62 91 146 209
8 0.036824565 62 91 146 209
12 0.027376568 72 119 140 187
2 0.024738824 72 119 140 187
8 0.020960588 124 100 185 207
20 0.020934634 76 138 148 227
20 0.019591095 72 119 140 187
17 0.019268429 62 91 146 209
17 0.016314453 76 138 148 227
12 0.015283433 76 138 148 227
16 0.014123791 83 143 132 229
19 0.014109227 72 119 140 187
6 0.013191245 78 41 133 132
8 0.012694393 130 59 185 173
6 0.0122797685 76 138 148 227
6 0.012262434 82 77 134 159
13 0.010934285 72 119 140 187
20 0.00899201 124 100 185 207
8 0.008548219 79 57 141 168
6 0.008139675 124 37 182 137
6 0.00749603 28 98 109 209
17 0.007329031 79 57 141 168
8 0.006811757 28 98 109 209
11 0.006782708 83 126 128 186
