6 0.13447507 214 67 279 182
6 0.026288254 175 34 320 214
7 0.025652159 175 34 320 214
12 0.021732064 9 64 44 179
19 0.017219096 195 52 305 184
15 0.016889498 183 0 317 240
15 0.015829591 134 13 282 227
12 0.015323932 51 58 90 181
6 0.014831189 172 57 246 184
12 0.010614441 50 75 102 229
14 0.010291588 175 34 320 214
13 0.010014395 175 34 320 214
12 0.0098572895 0 45 58 193
16 0.009522254 73 152 158 240
8 0.009497229 73 152 158 240
6 0.008448699 271 105 320 196
6 0.0072986386 275 77 316 162
12 0.007261009 28 47 104 192
12 0.0071740192 229 62 282 176
14 0.0070934687 66 0 259 240
18 0.006212688 195 52 305 184
