21 0.04172119 17 0 297 239
12 0.03277101 186 56 227 113
21 0.030026183 89 21 241 240
3 0.025499534 17 0 297 239
12 0.02063507 158 28 257 135
16 0.018032907 17 0 297 239
6 0.016782615 186 56 227 113
21 0.014034644 155 44 275 240
20 0.012982212 186 56 227 113
20 0.012630725 105 39 303 240
12 0.012297498 155 44 275 240
16 0.01137008 116 46 289 240
15 0.01049221 17 0 297 239
19 0.009772356 17 0 297 239
7 0.008810215 17 0 297 239
17 0.007822945 17 0 297 239
6 0.0075682807 91 0 143 54
6 0.0073301173 158 28 257 135
12 0.007123013 174 94 245 200
3 0.0071163797 116 46 289 240
20 0.006636411 158 28 257 135
6 0.0066166488 184 20 238 83
