6 0.1549178 69 21 142 145
7 0.0736044 4 0 230 191
6 0.06722023 56 0 171 163
6 0.03978421 77 49 152 124
12 0.024657777 56 0 171 163
14 0.024315717 4 0 230 191
12 0.024222108 0 2 231 173
1 0.023229672 4 0 230 191
10 0.020752387 4 0 230 191
6 0.019828768 39 14 101 160
16 0.019303493 56 0 171 163
6 0.01928915 0 2 231 173
6 0.017761545 84 15 145 97
7 0.01740236 56 0 171 163
15 0.015383915 4 0 230 191
21 0.015311054 4 0 230 191
17 0.015271659 4 0 230 191
6 0.012881416 126 0 184 178
17 0.012114515 56 0 171 163
16 0.011770721 4 0 230 191
11 0.011022745 259 98 320 219
19 0.010814251 4 0 230 191
4 0.010443154 4 0 230 191
1 0.010146187 56 0 171 163
6 0.009887086 47 47 101 125
2 0.009443735 4 0 230 191
11 0.009186802 276 127 320 197
11 0.009043888 56 0 171 163
16 0.008974943 69 21 142 145
