7 0.19264674 170 11 250 211
7 0.0883367 178 69 243 167
2 0.085439704 170 11 250 211
2 0.05683019 178 69 243 167
6 0.054107115 170 11 250 211
6 0.03461947 178 69 243 167
12 0.033516306 176 53 250 173
7 0.026691202 185 0 315 233
8 0.025754059 170 11 250 211
11 0.023103442 170 11 250 211
6 0.01956818 197 3 289 220
12 0.018506203 174 0 247 232
6 0.018374652 180 45 226 129
7 0.017268475 180 45 226 129
7 0.01354241 203 44 294 183
6 0.012672584 219 76 269 157
7 0.0123143215 127 18 197 147
2 0.012285439 180 45 226 129
2 0.012115349 141 46 180 130
8 0.012044605 178 69 243 167
4 0.011147509 170 11 250 211
7 0.011058364 219 76 269 157
6 0.01067982 141 46 180 130
7 0.0097815385 141 46 180 130
2 0.00960876 197 3 289 220
6 0.008740532 127 18 197 147
