8 0.13520901 197 19 295 208
6 0.060158335 197 19 295 208
8 0.056865353 208 80 274 156
7 0.04700837 197 19 295 208
2 0.04533768 197 19 295 208
2 0.03613449 208 80 274 156
6 0.031370033 208 80 274 156
7 0.02779671 208 80 274 156
12 0.017654683 207 48 293 175
4 0.015266617 197 19 295 208
4 0.015166672 208 80 274 156
8 0.013008822 214 57 268 127
2 0.012707333 184 81 228 159
11 0.012634737 197 19 295 208
8 0.011189708 242 10 320 214
8 0.010120497 174 40 254 188
2 0.009539889 174 40 254 188
7 0.008604551 184 81 228 159
6 0.0081426725 214 57 268 127
7 0.008047168 174 40 254 188
8 0.008033702 260 99 320 240
12 0.007981595 208 80 274 156
8 0.007767945 184 81 228 159
2 0.0075935973 140 45 172 134
