12 0.3540188 189 84 237 171
6 0.120689034 189 84 237 171
4 0.10507591 169 49 234 193
4 0.089677036 189 84 237 171
12 0.0869723 169 49 234 193
12 0.057131037 149 72 188 177
12 0.052559193 152 63 256 230
6 0.044308383 169 49 234 193
12 0.02771922 191 35 234 152
20 0.021934528 189 84 237 171
4 0.019383665 149 72 188 177
6 0.018640652 149 72 188 177
12 0.018572852 231 52 274 199
20 0.018231867 169 49 234 193
12 0.01699972 120 27 203 209
2 0.016829621 169 49 234 193
13 0.0163825 189 84 237 171
2 0.0163263 189 84 237 171
7 0.01581635 169 49 234 193
6 0.0153924385 191 35 234 152
12 0.014708588 234 170 271 240
4 0.01387983 152 63 256 230
4 0.013294582 206 56 275 185
4 0.011970491 120 27 203 209
7 0.011777392 189 84 237 171
