6 0.036129754 159 34 249 149
6 0.03519395 180 55 236 120
6 0.027519846 137 53 197 123
6 0.024793142 120 27 209 154
6 0.015207355 124 16 279 156
12 0.014373019 10 66 46 181
6 0.014315264 178 77 227 156
15 0.011925129 60 0 269 240
8 0.011708354 79 151 154 240
12 0.0113819465 50 62 93 179
7 0.011201412 138 12 283 174
6 0.0111431265 228 48 278 127
6 0.0111273825 227 78 271 159
6 0.01077485 209 66 298 181
14 0.010136888 60 0 269 240
6 0.009798372 217 32 290 149
6 0.009574557 133 76 194 158
4 0.008858098 138 12 283 174
6 0.008725291 89 5 231 171
16 0.007952905 79 151 154 240
4 0.00748935 103 17 228 166
6 0.0070726927 95 42 143 136
6 0.006965003 154 38 320 221
6 0.0066846623 216 102 280 199
6 0.0065925242 63 32 164 152
