12 0.40868276 142 46 181 125
8 0.11829992 123 41 194 126
20 0.10370667 123 41 194 126
12 0.096014686 141 64 191 162
6 0.08790919 142 46 181 125
12 0.06526197 183 51 232 120
12 0.06393186 124 41 194 131
20 0.053126737 103 64 214 159
8 0.047692608 147 73 257 158
8 0.046540286 103 64 214 159
12 0.043322846 103 64 214 159
8 0.042975955 166 43 236 125
12 0.041530244 98 30 136 139
20 0.030999202 141 64 191 162
12 0.030660328 179 68 239 165
20 0.02776833 147 73 257 158
20 0.02770322 166 43 236 125
6 0.025626745 183 51 232 120
12 0.023171233 226 46 269 124
20 0.022878326 211 29 275 136
2 0.022271443 123 41 194 126
12 0.019026643 211 29 275 136
8 0.017879914 141 64 191 162
16 0.015779665 123 41 194 126
4 0.014748322 123 41 194 126
20 0.01415595 195 65 294 166
