6 0.22177677 188 70 238 182
12 0.17385513 188 70 238 182
6 0.05595431 147 72 190 177
4 0.05267321 175 47 234 194
12 0.04800853 153 69 257 220
6 0.043286424 164 75 238 229
12 0.031430133 147 72 190 177
12 0.02263516 236 171 272 240
6 0.02151861 232 51 279 202
6 0.020772593 236 171 272 240
12 0.018968523 232 51 279 202
6 0.017792754 119 43 200 198
12 0.01672782 214 166 291 240
12 0.016100258 280 167 316 240
12 0.015966872 115 30 208 201
6 0.015411479 166 26 245 152
4 0.013884 212 52 275 192
4 0.0138784 186 94 234 215
20 0.01363107 188 70 238 182
6 0.013251803 142 33 187 148
4 0.011843331 147 72 190 177
4 0.011253379 119 43 200 198
2 0.011245433 175 47 234 194
7 0.010969392 175 47 234 194
4 0.010809163 173 26 320 203
