12 0.3080473 189 83 231 171
6 0.14418724 189 83 231 171
12 0.14399555 188 103 225 208
12 0.072244175 182 43 229 205
20 0.061831556 189 83 231 171
6 0.058867063 188 103 225 208
12 0.0548979 234 71 271 180
6 0.046594337 143 77 192 171
4 0.03799301 189 83 231 171
4 0.036976673 188 103 225 208
12 0.03692398 190 43 233 140
6 0.036070008 190 43 233 140
12 0.02528273 143 77 192 171
8 0.024724973 182 43 229 205
6 0.023069963 234 71 271 180
20 0.022846263 182 43 229 205
20 0.021874635 234 71 271 180
12 0.02175755 232 176 274 240
16 0.019583706 188 103 225 208
6 0.019282281 232 176 274 240
4 0.018285478 182 43 229 205
20 0.018073734 188 103 225 208
4 0.0178154 143 77 192 171
6 0.017609261 137 41 190 138
12 0.01627366 278 172 316 240
6 0.016175399 182 43 229 205
12 0.014980559 118 2 198 227
16 0.014186495 189 83 231 171
6 0.012955736 278 172 316 240
4 0.012655973 200 0 290 228
