6 0.2713646 64 64 151 173
6 0.19979233 84 82 130 160
8 0.08423635 64 64 151 173
17 0.07004123 68 42 163 190
16 0.050976045 64 64 151 173
6 0.048590045 77 42 130 141
12 0.033371717 68 42 163 190
8 0.021525469 84 82 130 160
6 0.01895421 84 106 133 198
12 0.01863573 84 82 130 160
6 0.017032398 115 23 197 151
8 0.014837655 111 50 195 184
6 0.014694266 25 48 106 184
7 0.014581328 64 64 151 173
20 0.011149129 69 99 152 195
2 0.01096985 64 64 151 173
4 0.009543505 64 64 151 173
16 0.009514693 84 82 130 160
12 0.009380284 77 42 130 141
12 0.008751827 84 106 133 198
6 0.00841114 133 71 177 171
6 0.008171604 43 71 86 174
8 0.007528222 25 48 106 184
