12 0.17675039 90 27 133 150
20 0.15096788 90 27 133 150
12 0.05473129 97 70 132 163
20 0.05241722 97 70 132 163
8 0.038588606 90 27 133 150
8 0.030642778 97 70 132 163
20 0.029212827 71 52 150 165
8 0.02763773 71 52 150 165
4 0.023749135 90 27 133 150
12 0.020942243 71 52 150 165
6 0.020588338 90 27 133 150
7 0.014629763 90 27 133 150
2 0.014476176 90 27 133 150
13 0.0092277 90 27 133 150
6 0.008857386 97 70 132 163
17 0.008505203 82 32 140 130
20 0.007294719 90 14 229 215
20 0.007260139 113 50 194 175
17 0.006619975 71 52 150 165
6 0.006429013 71 52 150 165
20 0.0061241807 136 63 181 176
16 0.005706217 82 32 140 130
16 0.0052196006 71 52 150 165
