6 0.100776725 148 22 242 147
7 0.06560207 129 37 262 187
6 0.057268973 129 37 262 187
6 0.04073101 120 30 209 140
6 0.030990977 171 48 228 130
2 0.027955022 129 37 262 187
7 0.025347317 148 22 242 147
7 0.024278436 120 30 209 140
4 0.02300228 129 37 262 187
11 0.021948038 148 22 242 147
4 0.020716418 148 22 242 147
4 0.020087818 120 30 209 140
12 0.018874926 150 39 255 187
11 0.016851738 129 37 262 187
2 0.01551087 148 22 242 147
20 0.015288838 120 30 209 140
20 0.0150931785 129 37 262 187
11 0.0149688125 120 30 209 140
20 0.014536028 148 22 242 147
12 0.014035744 120 30 209 140
6 0.012685992 173 73 228 170
8 0.011976637 129 37 262 187
8 0.0099056875 148 22 242 147
