6 0.036195558 175 45 241 139
6 0.03242823 194 68 303 170
12 0.026317345 149 62 186 177
12 0.025999043 197 63 235 178
12 0.022817383 145 31 179 144
6 0.020700628 173 2 244 106
6 0.019960133 197 63 235 178
6 0.01957725 145 31 179 144
12 0.017423782 96 58 145 182
12 0.017413897 104 29 140 151
6 0.014838806 149 17 275 234
4 0.014727374 176 0 320 240
7 0.014601167 149 17 275 234
12 0.013702308 51 36 97 145
6 0.013468698 202 41 295 136
6 0.013374905 104 29 140 151
6 0.011963538 51 36 97 145
6 0.011508614 2 41 53 144
6 0.010906378 207 5 293 103
6 0.010433889 149 62 186 177
12 0.010229486 2 65 52 177
6 0.01016176 234 41 278 208
6 0.009721344 126 10 196 103
6 0.009677445 200 95 305 209
6 0.009440896 81 1 154 114
18 0.009279053 176 0 320 240
