8 0.046574462 136 62 172 166
12 0.045396954 129 51 174 120
8 0.04508955 129 51 174 120
6 0.04301999 129 51 174 120
20 0.027768668 136 62 172 166
12 0.026193311 136 62 172 166
20 0.024236541 134 52 175 118
20 0.020500524 97 50 212 177
8 0.018066386 97 50 212 177
12 0.012421447 91 40 137 128
20 0.012194316 221 74 269 152
20 0.0098198615 183 73 231 158
8 0.00964605 183 73 231 158
12 0.00911268 35 54 102 169
20 0.009104309 85 61 144 164
20 0.008809016 220 40 268 121
12 0.008317152 97 50 212 177
12 0.008259044 0 46 59 183
20 0.007791507 210 57 283 174
12 0.0073039806 85 61 144 164
12 0.0070064305 7 73 42 161
20 0.0068477904 91 43 139 119
20 0.0068309493 215 95 281 202
12 0.006824005 46 44 89 124
20 0.0067334394 179 104 231 198
2 0.006686245 129 51 174 120
20 0.0065768254 270 60 319 166
