4 0.21701176 145 46 180 126
4 0.20751348 125 34 192 140
12 0.1536926 145 46 180 126
12 0.12769657 146 72 186 157
6 0.12521815 125 34 192 140
12 0.12161528 109 48 210 177
6 0.11210311 145 46 180 126
8 0.10980646 109 48 210 177
8 0.10335959 145 46 180 126
4 0.09223721 109 48 210 177
4 0.089456744 146 72 186 157
8 0.0874283 146 72 186 157
12 0.08532671 125 34 192 140
4 0.08242859 161 27 235 143
6 0.08186778 146 72 186 157
6 0.070060946 161 27 235 143
20 0.06840004 109 48 210 177
20 0.059798833 125 34 192 140
6 0.059517577 179 47 224 122
4 0.056529928 179 47 224 122
8 0.051949367 125 34 192 140
6 0.04495948 109 48 210 177
12 0.044762343 179 47 224 122
8 0.03828037 179 47 224 122
12 0.033354998 152 59 250 171
20 0.03200933 145 46 180 126
20 0.031834025 146 72 186 157
8 0.03050918 152 59 250 171
12 0.024919383 161 27 235 143
4 0.02389486 152 59 250 171
20 0.023513012 152 59 250 171
12 0.02322215 182 74 231 158
