8 0.3884117 141 46 184 124
20 0.13298497 132 46 182 122
20 0.11855837 123 32 199 140
8 0.09309984 177 53 231 118
12 0.045916457 141 46 184 124
4 0.045464095 132 46 182 122
6 0.03217246 141 46 184 124
20 0.03134088 165 42 231 130
17 0.029129723 132 46 182 122
8 0.024805933 137 74 190 162
8 0.022154 123 32 199 140
20 0.020593083 207 30 276 136
8 0.019683328 177 74 242 165
20 0.018179534 90 38 233 191
8 0.018179046 220 53 276 120
2 0.017605124 141 46 184 124
8 0.016752725 146 36 257 131
16 0.016573196 132 46 182 122
4 0.016300328 165 42 231 130
6 0.016060457 165 42 231 130
4 0.015840873 123 32 199 140
8 0.015718954 91 36 140 141
20 0.015317688 162 63 242 169
12 0.014821885 123 32 199 140
20 0.012750458 210 63 280 168
17 0.012434386 165 42 231 130
20 0.011753084 78 36 147 128
