8 0.059421204 85 34 129 140
20 0.029424142 91 50 125 120
6 0.025557209 85 34 129 140
20 0.02207237 96 68 134 156
20 0.021153904 71 8 150 163
17 0.020501416 91 50 125 120
17 0.010725317 136 50 178 116
8 0.010450997 96 68 134 156
17 0.010207007 96 68 134 156
16 0.009989399 85 34 129 140
20 0.009381928 133 73 182 158
2 0.008570093 85 34 129 140
20 0.007826909 136 50 178 116
12 0.0076943412 85 34 129 140
20 0.0074058212 90 35 227 199
8 0.007404811 130 57 185 183
11 0.0065615284 85 34 129 140
17 0.006137417 71 8 150 163
4 0.0057725785 85 34 129 140
8 0.00507361 42 12 84 158
10 0.0050146696 85 34 129 140
