20 0.14997026 172 44 220 202
20 0.14004406 129 39 198 203
6 0.09196934 177 58 225 182
4 0.06469528 177 58 225 182
20 0.052566882 136 78 178 221
12 0.04725954 172 44 220 202
16 0.04324708 172 44 220 202
20 0.03361832 179 38 225 146
8 0.027456403 177 58 225 182
10 0.023334099 172 44 220 202
20 0.02320636 164 8 233 175
18 0.02291443 172 44 220 202
20 0.0215777 88 60 150 240
20 0.021450212 138 29 187 152
4 0.0207667 140 59 180 181
17 0.020502249 170 44 228 196
16 0.020465948 128 69 181 240
6 0.018907245 140 59 180 181
16 0.018900167 136 168 183 240
