12 0.26240835 91 51 126 122
6 0.18738785 91 51 126 122
6 0.15416802 78 39 144 132
12 0.1073635 94 77 139 145
2 0.07685294 91 51 126 122
12 0.042646654 71 24 149 143
6 0.03929933 94 77 139 145
6 0.03881064 58 61 165 161
20 0.033671442 91 51 126 122
2 0.029212695 78 39 144 132
8 0.027466059 58 61 165 161
8 0.026156247 91 51 126 122
13 0.024866106 91 51 126 122
12 0.024143789 60 38 170 193
12 0.021716045 135 74 177 159
8 0.021427598 78 39 144 132
2 0.018670723 94 77 139 145
12 0.018595135 51 27 82 141
13 0.01797705 78 39 144 132
7 0.017624194 91 51 126 122
12 0.015310142 131 50 181 122
8 0.0137766125 94 77 139 145
6 0.013767319 108 35 200 133
12 0.013668549 52 60 90 169
2 0.011281982 58 61 165 161
20 0.011114846 94 77 139 145
12 0.008949513 175 44 230 127
6 0.008699357 51 27 82 141
2 0.008476215 51 27 82 141
6 0.007875961 25 39 108 123
6 0.007829358 131 50 181 122
7 0.0076406463 78 39 144 132
4 0.00761751 78 39 144 132
17 0.007469404 78 39 144 132
6 0.00746791 98 65 203 164
12 0.007188951 98 65 203 164
12 0.0068320245 179 66 229 170
