6 0.05746111 176 58 237 115
6 0.05481775 160 25 251 157
6 0.039039593 117 16 211 164
6 0.03687661 134 56 196 119
7 0.02826174 135 12 288 175
15 0.021634413 56 0 273 240
14 0.017092 105 6 312 224
6 0.016251992 223 52 280 120
6 0.015825294 117 44 298 214
12 0.015663538 10 63 46 182
7 0.014636202 66 0 267 231
6 0.0136535745 213 28 290 153
4 0.013604372 101 16 229 169
4 0.013509835 135 12 288 175
12 0.013446693 49 58 93 179
6 0.013359897 228 74 267 159
6 0.012216183 175 74 226 155
7 0.011281185 101 16 229 169
8 0.010622659 80 150 154 240
6 0.0084770415 132 72 189 159
