6 0.09943761 170 45 219 201
20 0.0955546 170 45 219 201
10 0.08839695 170 45 219 201
20 0.08608815 121 45 204 198
4 0.05873184 170 45 219 201
18 0.054004192 170 45 219 201
10 0.0428632 134 40 192 211
12 0.035911575 167 41 229 201
7 0.035453893 167 41 229 201
16 0.028163563 170 45 219 201
20 0.0262584 133 81 179 218
7 0.025446365 121 45 204 198
18 0.025227863 121 45 204 198
5 0.024747705 167 41 229 201
4 0.020022845 166 0 232 239
8 0.018751556 180 48 228 190
4 0.018483063 134 40 192 211
16 0.017112188 120 142 197 240
21 0.016575715 167 41 229 201
