12 0.1631944 179 78 229 154
12 0.1538662 163 65 240 171
12 0.11397244 122 56 201 172
12 0.07943443 141 44 180 127
12 0.077877104 142 73 187 154
4 0.06574645 141 44 180 127
12 0.05678197 177 52 227 122
4 0.056015976 169 34 234 137
4 0.047624454 163 65 240 171
4 0.044473838 122 56 201 172
12 0.040782038 209 52 294 177
12 0.039455295 135 2 200 225
6 0.035011616 169 34 234 137
4 0.035011355 142 73 187 154
6 0.033334784 163 65 240 171
4 0.030916065 179 78 229 154
6 0.030431973 142 73 187 154
6 0.02684718 179 78 229 154
12 0.022234352 217 53 274 121
6 0.022146495 128 31 187 139
6 0.021887792 122 56 201 172
8 0.02048269 163 65 240 171
8 0.020265788 122 56 201 172
2 0.019187363 142 73 187 154
20 0.018283723 179 78 229 154
7 0.01759679 122 56 201 172
2 0.017421383 141 44 180 127
4 0.016424617 210 28 281 140
7 0.0161405 142 73 187 154
