12 0.35159153 141 49 180 122
6 0.14723134 141 49 180 122
6 0.100816324 125 38 192 130
8 0.09688374 125 38 192 130
12 0.09204225 141 66 188 157
8 0.06991104 141 49 180 122
20 0.0655801 125 38 192 130
12 0.06355191 123 39 196 133
12 0.05678552 182 52 229 118
8 0.045618206 106 60 209 162
8 0.044822294 152 72 252 158
12 0.044724528 106 60 209 162
6 0.04200312 182 52 229 118
12 0.039622758 98 31 135 138
2 0.038649548 125 38 192 130
8 0.036130596 166 40 234 128
20 0.03555397 106 60 209 162
20 0.030571762 141 49 180 122
2 0.029625459 141 49 180 122
12 0.02718574 181 66 234 166
13 0.022520715 125 38 192 130
12 0.021278668 226 47 268 123
8 0.020599876 141 66 188 157
20 0.019894479 141 66 188 157
20 0.01976612 152 72 252 158
13 0.019376628 141 49 180 122
12 0.018943701 152 72 252 158
12 0.01847867 210 28 274 139
8 0.018408744 181 66 234 166
20 0.018238002 166 40 234 128
16 0.018092066 125 38 192 130
6 0.017592868 141 66 188 157
20 0.017159192 210 28 274 139
6 0.016086286 210 28 274 139
