21 0.033958647 109 0 224 240
20 0.0320583 185 39 222 118
21 0.023508228 144 9 273 232
12 0.023277966 185 39 222 118
6 0.023228403 184 12 223 85
12 0.022347363 168 20 251 141
20 0.021598961 168 20 251 141
17 0.018127661 168 20 251 141
3 0.015161673 43 0 272 240
17 0.014866959 162 6 246 94
6 0.014674418 162 6 246 94
20 0.013663335 184 12 223 85
6 0.011786517 185 39 222 118
16 0.011775688 168 20 251 141
16 0.010980448 162 6 246 94
15 0.010980393 43 0 272 240
21 0.010951286 180 16 242 153
3 0.0088287 137 41 274 240
16 0.008540922 185 39 222 118
2 0.008225571 162 6 246 94
12 0.00799543 184 12 223 85
12 0.0073498185 164 49 261 240
