6 0.034791384 138 55 184 115
6 0.026403727 97 49 139 124
6 0.023893632 183 53 230 120
12 0.02312828 10 65 46 180
6 0.021929154 96 77 137 151
6 0.021742668 112 41 203 138
6 0.02084192 132 87 192 140
12 0.020507382 52 71 90 165
6 0.016149867 159 45 253 135
6 0.01609727 64 40 156 143
8 0.014992938 75 155 157 240
6 0.013924229 177 83 232 149
6 0.01385094 232 49 274 129
12 0.01371314 96 77 137 151
12 0.0123392 44 89 104 212
16 0.011594792 75 155 157 240
6 0.009353608 97 58 226 194
6 0.009334861 230 83 274 163
12 0.00888268 0 44 58 195
7 0.008213007 49 0 278 240
12 0.007812969 24 54 106 183
6 0.007665007 215 38 290 142
6 0.0073293685 52 41 89 143
4 0.0071392003 97 58 226 194
6 0.0070996014 59 0 164 184
6 0.0070541967 126 48 284 203
7 0.0069906726 97 58 226 194
6 0.0066931196 89 106 150 190
8 0.006682095 120 151 201 240
6 0.006552132 134 10 187 94
