12 0.29873243 191 83 237 169
4 0.14928328 191 83 237 169
4 0.10618374 175 48 232 196
6 0.096199505 191 83 237 169
12 0.07032165 175 48 232 196
12 0.057416975 147 74 189 174
12 0.04482039 188 105 230 201
12 0.03439191 191 38 234 149
4 0.030568618 147 74 189 174
20 0.027843105 191 83 237 169
12 0.027125826 155 57 254 240
6 0.023405192 191 38 234 149
6 0.023147268 175 48 232 196
4 0.021536907 188 105 230 201
6 0.019561224 147 74 189 174
20 0.017366685 175 48 232 196
12 0.016546367 121 24 199 211
13 0.01628101 191 83 237 169
12 0.015841654 230 50 274 197
4 0.015740676 121 24 199 211
7 0.0146129895 191 83 237 169
6 0.014404523 188 105 230 201
6 0.013368314 235 32 278 153
4 0.013132804 155 57 254 240
4 0.012733485 210 54 271 188
12 0.011672875 233 170 273 240
7 0.010929809 175 48 232 196
4 0.009959566 191 38 234 149
20 0.009409552 147 74 189 174
