12 0.28502837 187 75 236 178
6 0.11472195 187 75 236 178
4 0.07071109 175 52 232 193
12 0.070017904 160 38 247 192
12 0.033568714 146 68 189 180
12 0.02545962 230 45 275 207
6 0.023963954 146 68 189 180
20 0.023158815 187 75 236 178
4 0.021075347 146 68 189 180
12 0.019225284 121 18 202 218
2 0.01869664 175 52 232 193
12 0.018259041 236 169 272 240
12 0.015093415 280 165 316 240
12 0.01434474 172 21 320 210
13 0.014270939 187 75 236 178
4 0.013626487 126 40 201 204
4 0.013582775 210 50 275 194
4 0.010994174 172 21 320 210
12 0.010817555 212 166 293 240
12 0.010738515 284 22 320 156
4 0.009689349 152 57 256 234
7 0.009620929 175 52 232 193
