7 0.05565484 129 9 263 217
7 0.03497063 169 52 246 185
6 0.029406184 128 7 264 163
2 0.021998178 129 9 263 217
12 0.017015072 169 52 246 185
4 0.016476562 129 9 263 217
2 0.014719446 169 52 246 185
20 0.013783131 129 9 263 217
12 0.010992507 129 9 263 217
8 0.009768437 169 52 246 185
11 0.009299229 129 9 263 217
20 0.009034862 169 52 246 185
8 0.009023485 129 9 263 217
6 0.0089374725 112 24 207 150
6 0.008887658 177 44 230 130
4 0.007903109 169 52 246 185
11 0.0073323045 169 52 246 185
7 0.0071900715 112 24 207 150
6 0.0069343564 140 30 177 144
6 0.006478511 179 23 302 198
6 0.0062474734 179 68 230 174
17 0.0056194705 129 9 263 217
20 0.005472413 112 24 207 150
4 0.005440988 112 24 207 150
