12 0.26503545 138 48 182 136
20 0.10484261 125 53 194 117
20 0.06507851 142 50 182 189
20 0.051616557 122 62 199 164
20 0.047886048 109 21 209 151
12 0.04126468 109 21 209 151
12 0.027463159 182 44 224 136
12 0.022669317 122 62 199 164
12 0.022391366 97 32 132 147
20 0.020523027 181 64 231 181
8 0.019138511 138 48 182 136
20 0.018058827 165 50 235 119
6 0.014715494 138 48 182 136
12 0.01334975 181 64 231 181
21 0.01247931 125 53 194 117
20 0.0110919075 97 32 132 147
20 0.0106588425 80 38 149 126
8 0.0097403135 122 62 199 164
20 0.009351826 215 40 281 125
20 0.008412486 141 48 262 188
20 0.00809522 55 24 166 162
12 0.007952549 80 38 149 126
4 0.0078310035 125 53 194 117
12 0.0077024098 226 39 272 134
12 0.0072932183 50 38 85 138
7 0.0067222514 125 53 194 117
