8 0.05201475 128 52 176 121
8 0.05065903 135 64 176 168
12 0.036753766 128 52 176 121
6 0.030497748 128 52 176 121
20 0.030476201 135 72 185 163
20 0.027821973 134 54 177 118
20 0.024157053 98 50 211 179
8 0.018242806 98 50 211 179
12 0.016588818 135 64 176 168
20 0.012678584 220 74 270 153
12 0.010449727 90 42 138 128
20 0.009938706 184 71 232 161
20 0.009617568 86 61 145 164
12 0.0091073895 0 48 57 181
20 0.009091887 220 39 270 122
12 0.008983874 35 56 102 168
8 0.008370671 176 61 239 171
12 0.007936354 8 73 42 161
20 0.007857908 208 57 286 174
20 0.0077291946 91 45 140 119
8 0.0071588564 90 42 138 128
20 0.007157456 214 97 283 200
20 0.0068543092 270 61 319 165
20 0.0067911088 179 104 232 199
12 0.006711962 46 44 89 125
12 0.006639016 89 59 141 172
20 0.006454394 35 56 102 168
