12 0.337909 190 82 235 169
4 0.15275356 190 82 235 169
4 0.10734523 174 49 232 194
6 0.10623326 190 82 235 169
12 0.08609808 174 49 232 194
12 0.066542864 146 74 190 174
12 0.055092044 187 102 231 203
12 0.040654574 190 38 234 149
4 0.03403544 146 74 190 174
6 0.032278202 174 49 232 194
12 0.028298134 159 66 250 230
6 0.025739983 190 38 234 149
4 0.024675492 187 102 231 203
20 0.023949245 190 82 235 169
6 0.02316034 146 74 190 174
12 0.019954724 229 53 274 194
12 0.018060552 129 40 199 204
20 0.017324006 174 49 232 194
6 0.01606906 187 102 231 203
4 0.0148347765 124 27 198 209
6 0.013310268 235 31 277 153
4 0.013080487 210 53 270 188
13 0.0129699325 190 82 235 169
2 0.012711121 190 82 235 169
4 0.012556305 159 66 250 230
7 0.0125352265 174 49 232 194
7 0.0120509835 190 82 235 169
4 0.009853644 190 38 234 149
12 0.009690231 232 169 274 240
