10 0.10402398 172 25 216 221
20 0.07329348 124 44 198 203
6 0.058965296 179 43 219 190
20 0.053466808 168 30 226 214
10 0.0482986 140 31 185 214
12 0.043121256 179 43 219 190
18 0.033848472 172 25 216 221
5 0.029770482 168 30 226 214
5 0.025648564 124 44 198 203
7 0.024470361 168 30 226 214
12 0.023102056 142 51 182 183
4 0.0219216 179 43 219 190
20 0.020197015 142 51 182 183
18 0.01985594 140 31 185 214
6 0.019569926 142 51 182 183
7 0.019127702 140 31 185 214
5 0.018076496 95 0 220 195
13 0.017153399 179 43 219 190
18 0.015774 181 17 221 158
12 0.01568293 124 44 198 203
18 0.015054928 158 0 238 193
