12 0.27445513 144 33 186 137
20 0.24850939 127 42 194 121
8 0.15706047 144 33 186 137
20 0.07241419 161 39 236 129
12 0.054469857 181 44 232 129
8 0.05280102 161 39 236 129
6 0.052544374 144 33 186 137
20 0.048494346 109 64 214 158
12 0.03894463 124 47 196 125
20 0.031848755 208 30 276 133
8 0.029134076 124 47 196 125
20 0.026260002 153 70 253 161
12 0.025593339 97 22 137 149
8 0.024473077 109 64 214 158
6 0.02116142 161 39 236 129
12 0.020162966 137 61 196 171
12 0.019006988 224 42 273 130
20 0.018524813 78 37 151 125
8 0.018513324 153 70 253 161
4 0.017633982 127 42 194 121
20 0.014792151 196 65 293 165
8 0.013040501 208 30 276 133
7 0.012524839 144 33 186 137
20 0.01230146 164 109 245 194
