6 0.2500616 191 75 239 179
12 0.10989922 191 75 239 179
6 0.057679042 172 50 237 195
6 0.056720704 147 75 191 176
12 0.044575248 162 81 241 230
4 0.035713512 172 50 237 195
6 0.035205018 194 30 237 154
6 0.0345886 234 59 280 194
12 0.03218908 153 39 255 191
4 0.023944804 191 75 239 179
6 0.02297575 236 173 273 240
12 0.022422478 236 173 273 240
12 0.018582927 280 170 316 240
12 0.017924326 147 75 191 176
12 0.017183917 214 168 292 240
12 0.017132422 234 59 280 194
6 0.016907526 112 47 206 201
12 0.014470811 194 30 237 154
4 0.013907948 209 54 278 193
6 0.013524725 142 37 186 145
4 0.013484119 177 30 320 202
6 0.013183843 185 133 231 240
6 0.012949991 280 170 316 240
