10 0.10238394 174 35 219 212
20 0.064144604 174 35 219 212
20 0.052454002 139 42 185 204
12 0.03739129 181 49 220 185
10 0.036121182 139 42 185 204
18 0.03596435 174 35 219 212
6 0.034578927 181 49 220 185
5 0.028313577 166 35 229 208
12 0.028131334 166 35 229 208
7 0.022023708 166 35 229 208
6 0.01974408 166 35 229 208
18 0.015081744 139 42 185 204
4 0.013391567 181 49 220 185
5 0.013371646 119 41 201 204
20 0.013077565 118 64 192 235
7 0.011725115 139 42 185 204
18 0.011451118 152 0 244 188
16 0.0112806335 123 135 196 240
12 0.011226646 139 42 185 204
16 0.010785872 170 141 242 240
13 0.0098475395 181 49 220 185
