6 0.08649365 98 0 216 110
7 0.065785624 6 0 320 171
6 0.053389028 104 52 213 129
6 0.040249404 144 0 252 117
6 0.03923887 133 61 186 110
6 0.036701255 71 3 165 108
6 0.031863656 184 83 239 149
6 0.030330995 230 82 273 150
6 0.02766746 83 0 238 175
6 0.025559988 178 58 229 111
6 0.023556795 114 35 209 75
6 0.023430238 227 52 270 120
6 0.023409968 94 56 138 121
6 0.021729775 199 23 305 155
6 0.020427266 139 81 188 153
6 0.020391287 153 59 263 177
6 0.020133715 86 30 153 82
6 0.019231366 66 39 168 142
1 0.017773446 68 0 320 169
11 0.01737828 68 0 320 169
6 0.016273657 44 54 96 126
6 0.01590718 33 32 105 149
7 0.015336066 83 0 238 175
