6 0.024713727 248 37 320 197
7 0.022373285 191 21 308 218
18 0.018311378 248 37 320 197
15 0.018287435 151 0 320 240
17 0.018024659 191 21 308 218
17 0.015845617 240 0 320 240
18 0.015505118 218 27 300 206
6 0.014810023 218 27 300 206
6 0.011551603 270 67 310 167
6 0.00980969 230 56 287 179
19 0.009413325 240 0 320 240
12 0.009324067 191 21 308 218
15 0.009220277 237 20 320 226
1 0.0074239974 151 0 320 240
18 0.00741841 151 0 320 240
14 0.0071680164 191 21 308 218
19 0.006721836 191 21 308 218
13 0.00669084 191 21 308 218
