6 0.2055746 188 69 238 185
12 0.18944557 188 69 238 185
6 0.059865385 148 70 189 181
4 0.055886216 175 51 234 192
6 0.054422855 160 79 244 228
12 0.05002126 145 64 263 226
12 0.03428488 148 70 189 181
12 0.02784504 236 171 272 240
4 0.025579147 148 38 259 187
4 0.02339321 160 79 244 228
6 0.022935698 234 51 279 201
6 0.021776356 236 171 272 240
6 0.021423109 118 48 202 195
12 0.021074543 234 51 279 201
12 0.01930721 213 165 292 240
12 0.01800285 280 167 316 240
12 0.017243635 112 32 210 199
6 0.01563065 166 28 245 151
4 0.015399274 210 55 277 191
6 0.013925967 143 32 188 150
4 0.013809138 118 48 202 195
20 0.013528665 188 69 238 185
4 0.012804416 148 70 189 181
4 0.012745646 189 96 233 216
4 0.012544254 166 25 320 205
