6 0.1918852 215 54 273 188
7 0.06559015 170 54 320 194
6 0.062388934 183 51 310 174
6 0.061253812 172 54 251 183
15 0.025805486 179 0 319 240
19 0.025294222 183 51 310 174
12 0.024976274 10 66 46 179
12 0.02229604 215 55 279 175
14 0.01880507 125 0 289 235
7 0.01813851 146 8 285 174
12 0.017782575 172 61 248 167
15 0.01652288 131 42 299 204
12 0.015598396 50 60 93 180
16 0.012354339 73 147 160 240
17 0.011905678 183 51 310 174
4 0.011115697 170 54 320 194
7 0.010776225 215 54 273 188
12 0.0094455965 48 82 103 223
