6 0.064072736 138 58 183 113
6 0.039701983 99 49 139 125
6 0.037119813 101 80 133 148
6 0.035577253 115 40 196 140
6 0.03381579 134 88 190 139
6 0.033654984 182 56 229 120
6 0.020725861 158 42 251 138
6 0.019955475 71 43 151 141
6 0.019716777 179 82 231 151
12 0.016432948 54 74 90 162
7 0.015554799 48 6 282 228
12 0.014144712 10 68 45 178
7 0.0137051605 98 62 226 191
6 0.0129423505 230 49 274 130
6 0.0118043665 98 62 226 191
6 0.0116802715 95 114 143 185
12 0.011520954 101 80 133 148
4 0.011074956 98 62 226 191
8 0.010208734 77 155 156 240
6 0.00950074 129 52 283 200
6 0.009403621 52 40 88 145
6 0.008690701 133 12 189 92
6 0.00846707 115 0 197 111
12 0.0081405435 50 95 98 208
6 0.008009638 228 80 276 165
16 0.00800769 77 155 156 240
6 0.007854891 208 63 289 184
6 0.007521864 62 0 168 176
4 0.0075161452 129 52 283 200
6 0.007382329 129 117 189 181
6 0.0072165467 25 40 106 144
7 0.006969273 129 52 283 200
