12 0.34852085 216 64 285 236
6 0.17505476 222 45 282 205
12 0.15086108 230 104 280 198
12 0.089970306 174 95 320 217
4 0.086567655 220 72 291 224
12 0.07609071 227 83 279 165
6 0.06602335 227 83 279 165
7 0.06489106 216 64 285 236
7 0.055845123 174 95 320 217
19 0.041815367 174 95 320 217
8 0.037399236 216 64 285 236
11 0.034279764 216 64 285 236
6 0.033311564 174 95 320 217
12 0.031833153 252 86 319 219
11 0.021461131 252 86 319 219
6 0.020862376 230 104 280 198
4 0.020687347 265 67 317 185
19 0.019720836 220 72 291 224
16 0.018387642 216 64 285 236
4 0.017718568 174 95 320 217
