6 0.3024627 34 10 104 158
7 0.11893409 0 0 159 234
12 0.07303291 0 9 141 165
6 0.04767887 31 48 116 122
17 0.043414637 27 4 125 165
12 0.03285642 34 10 104 158
14 0.03214456 0 0 159 234
6 0.031794913 0 9 141 165
21 0.030005917 0 0 159 234
17 0.029896688 0 0 159 234
16 0.027849287 27 4 125 165
7 0.025380446 27 4 125 165
1 0.024617076 0 0 159 234
11 0.020705217 27 4 125 165
10 0.019585805 0 0 159 234
6 0.01947329 45 15 101 96
15 0.019329317 0 0 159 234
10 0.017720595 27 4 125 165
21 0.016822543 27 4 125 165
6 0.016216675 68 17 141 153
4 0.015843745 0 9 141 165
19 0.014758681 27 4 125 165
