6 0.15592125 84 58 138 112
6 0.09173395 64 40 167 140
6 0.066067025 131 56 183 110
6 0.048048437 43 48 94 123
6 0.045241285 81 77 140 152
6 0.042435117 27 35 117 144
6 0.03999476 83 25 142 85
6 0.039023686 102 37 216 139
12 0.028508719 81 77 140 152
6 0.027617676 0 47 49 134
6 0.027557341 127 81 190 150
6 0.025712436 38 75 97 158
6 0.022261763 232 70 277 166
6 0.020023134 231 41 275 135
12 0.018911768 84 58 138 112
6 0.018220942 47 15 99 93
12 0.018076997 232 70 277 166
6 0.017539298 176 45 232 127
7 0.016796168 30 14 202 171
6 0.014462725 127 27 190 80
6 0.014323742 30 14 202 171
12 0.013750588 43 48 94 123
12 0.013106557 0 47 49 134
6 0.012863339 145 27 257 151
6 0.012698193 198 20 298 158
6 0.012530709 174 77 240 161
12 0.012140795 38 75 97 158
