6 0.15968406 67 23 141 143
7 0.08909747 10 0 224 188
6 0.07137045 57 1 169 162
6 0.037290674 77 53 151 121
1 0.025753243 10 0 224 188
14 0.024185553 10 0 224 188
6 0.022930406 39 13 101 160
6 0.022765132 0 0 230 186
12 0.02276507 0 0 230 186
12 0.022101102 57 1 169 162
10 0.021637898 10 0 224 188
16 0.020028139 57 1 169 162
7 0.017844306 57 1 169 162
6 0.017705126 83 19 146 93
21 0.015700556 10 0 224 188
15 0.01441124 10 0 224 188
17 0.014178373 10 0 224 188
19 0.011522692 10 0 224 188
16 0.011456457 10 0 224 188
17 0.011131569 57 1 169 162
6 0.010889127 125 0 182 170
4 0.010381655 10 0 224 188
1 0.010266714 57 1 169 162
6 0.010159397 49 49 101 123
2 0.010024316 10 0 224 188
11 0.009852787 262 97 320 222
12 0.009353656 276 124 320 196
