12 0.06971341 95 69 134 174
20 0.069129184 95 69 134 174
8 0.04437791 95 69 134 174
12 0.04185441 84 44 131 137
20 0.017388187 84 44 131 137
8 0.017360568 84 44 131 137
6 0.01406661 84 44 131 137
20 0.009445218 55 45 165 191
20 0.00918165 131 81 183 150
12 0.008713621 55 45 165 191
2 0.008282878 84 44 131 137
20 0.008255558 136 61 186 183
6 0.0073740524 95 69 134 174
8 0.0069717085 55 45 165 191
12 0.006461413 44 22 82 148
21 0.0060957973 95 69 134 174
8 0.0055061504 136 61 186 183
20 0.0054351054 88 29 227 205
2 0.005383577 95 69 134 174
