12 0.21107933 132 47 176 126
20 0.12595333 129 51 191 110
20 0.0813089 112 72 207 156
6 0.055417493 132 47 176 126
20 0.054211084 131 68 179 168
8 0.05266977 129 51 191 110
12 0.043160204 108 14 201 145
20 0.03548765 94 35 212 191
12 0.032704335 131 68 179 168
12 0.030407185 91 32 130 140
8 0.021122126 112 72 207 156
20 0.020825285 169 67 236 175
20 0.017934853 169 49 241 115
12 0.017429793 112 72 207 156
20 0.01584508 217 40 283 120
12 0.015754541 175 43 225 128
20 0.013537202 82 41 143 117
11 0.012630351 129 51 191 110
20 0.012329827 212 74 287 154
20 0.009780087 68 61 153 166
20 0.009513386 209 102 291 194
11 0.009370123 108 14 201 145
20 0.008953392 32 62 102 166
8 0.008642463 108 14 201 145
20 0.008588289 114 105 201 194
17 0.008406056 129 51 191 110
