12 0.1395298 183 80 227 151
12 0.13344352 160 62 244 173
12 0.1132952 120 50 204 178
4 0.08291574 123 31 192 140
12 0.078899235 145 73 187 155
12 0.077044874 145 44 178 128
4 0.074818194 145 44 178 128
4 0.070713095 167 29 239 141
4 0.051944505 160 62 244 173
12 0.04979614 184 52 225 121
4 0.036680717 145 73 187 155
20 0.031979617 183 80 227 151
8 0.028988913 160 62 244 173
4 0.028298179 184 52 225 121
12 0.027077105 167 29 239 141
4 0.026018588 183 80 227 151
7 0.025989309 120 50 204 178
8 0.0251465 120 50 204 178
12 0.02509722 209 53 297 175
6 0.024665685 167 29 239 141
20 0.023586474 120 50 204 178
20 0.023306444 145 73 187 155
12 0.023220764 222 55 273 117
20 0.022422804 160 62 244 173
12 0.020349585 214 27 279 139
6 0.019914716 160 62 244 173
7 0.01990158 145 73 187 155
6 0.018647524 123 31 192 140
20 0.01748441 145 44 178 128
6 0.016888462 145 73 187 155
4 0.015935961 214 27 279 139
6 0.015420183 183 80 227 151
