12 0.18686506 260 47 319 240
6 0.17064121 264 44 314 199
12 0.15935466 229 50 290 240
12 0.11191813 279 101 314 194
12 0.094349764 279 86 317 156
4 0.08975943 260 47 319 240
12 0.073689826 181 79 320 240
11 0.06442094 260 47 319 240
12 0.060420845 236 81 283 163
6 0.059286267 279 86 317 156
4 0.04257634 221 84 304 213
8 0.03049154 260 47 319 240
6 0.02460285 221 84 304 213
11 0.01971362 221 84 304 213
19 0.018390236 181 79 320 240
6 0.018188944 237 34 282 209
19 0.018091237 260 47 319 240
7 0.015816292 264 44 314 199
4 0.015653374 279 86 317 156
