12 0.265758 188 72 238 181
6 0.088856325 188 72 238 181
12 0.058939114 158 37 250 193
4 0.049994007 172 51 234 192
12 0.04423948 147 70 190 180
12 0.03489734 163 77 234 223
20 0.029463947 188 72 238 181
6 0.027097363 147 70 190 180
12 0.025122168 119 15 205 221
4 0.024665836 147 70 190 180
12 0.02037151 231 45 277 206
4 0.020355277 187 94 234 211
4 0.017032424 123 43 201 200
12 0.015875064 235 170 272 240
4 0.014066601 209 49 275 194
12 0.013484372 281 164 316 240
12 0.0123479115 176 15 320 218
4 0.011572787 176 15 320 218
2 0.0111596575 172 51 234 192
4 0.010262049 155 60 255 232
6 0.010133439 163 77 234 223
6 0.010044415 235 170 272 240
