6 0.25651604 90 56 137 115
6 0.1572857 70 25 157 153
6 0.14282078 89 25 139 91
6 0.077395394 136 56 183 111
6 0.07116846 45 49 94 126
12 0.059389398 90 56 137 115
6 0.05422608 33 27 110 151
7 0.036591213 70 0 156 137
12 0.035214458 45 49 94 126
6 0.032498285 109 32 208 147
6 0.031566616 86 70 141 158
6 0.02955537 0 48 49 133
6 0.027560726 51 11 96 101
7 0.025424646 44 23 182 163
12 0.025076672 86 70 141 158
6 0.023941172 178 43 234 127
6 0.023757495 131 74 189 155
12 0.023563158 0 48 49 133
6 0.022942286 43 66 96 165
6 0.022775944 230 40 275 135
12 0.022391897 70 16 157 142
12 0.019699022 232 68 275 166
6 0.01579634 129 27 188 84
12 0.014813437 43 66 96 165
6 0.014577219 5 12 48 100
6 0.013623634 35 0 194 146
6 0.01351745 150 22 258 154
6 0.013143627 231 8 277 102
