6 0.26961753 68 36 164 142
6 0.13175747 95 53 139 119
6 0.091271065 84 22 152 93
6 0.08810517 32 0 200 182
7 0.069244966 32 0 200 182
6 0.04872663 37 24 110 154
6 0.04669084 138 52 184 114
6 0.045956016 99 30 219 147
7 0.045908578 60 0 169 135
6 0.034536846 46 49 94 126
12 0.028059378 46 49 94 126
12 0.025672065 3 50 50 130
6 0.022870777 84 74 142 156
6 0.022339482 3 50 50 130
6 0.020525392 135 76 189 156
6 0.019042192 0 24 58 156
12 0.018232273 32 0 200 182
6 0.017060649 52 13 100 100
12 0.01667653 46 71 98 162
12 0.016536478 95 53 139 119
12 0.015969055 84 74 142 156
6 0.015625104 178 42 235 128
