6 0.04505972 74 111 136 201
8 0.040131453 74 104 142 196
20 0.021096913 74 104 142 196
8 0.015202865 78 144 145 219
17 0.014719172 74 104 142 196
8 0.013390901 123 97 183 205
20 0.013243901 78 144 145 219
6 0.012159685 79 146 132 225
16 0.011554464 74 104 142 196
6 0.011220304 78 32 133 142
6 0.010888748 125 34 182 142
20 0.010411859 123 97 183 205
20 0.010146228 27 87 111 214
16 0.009787477 79 146 132 225
6 0.00948015 32 111 95 201
8 0.009391476 43 77 172 225
12 0.009089388 74 111 136 201
6 0.007964623 123 97 183 205
8 0.0075280494 132 67 184 168
6 0.0067621833 36 34 88 140
20 0.006609107 37 128 109 238
12 0.006590691 79 146 132 225
20 0.0061267875 174 75 237 222
6 0.005894015 89 63 140 167
6 0.005856393 132 67 184 168
