4 0.04124609 163 66 241 179
6 0.040918544 160 48 237 130
12 0.036691736 163 66 241 179
4 0.03630461 121 58 195 177
12 0.034032956 121 58 195 177
6 0.029996207 163 66 241 179
12 0.025906583 136 49 180 126
4 0.025448354 160 48 237 130
4 0.02472719 127 51 192 124
6 0.02176041 127 51 192 124
12 0.0196087 167 50 228 127
12 0.018749041 209 68 286 171
6 0.017394084 121 58 195 177
6 0.01389939 206 45 285 129
20 0.012582033 121 58 195 177
20 0.0124397725 163 66 241 179
12 0.010987234 73 51 146 175
20 0.0106465 209 68 286 171
4 0.009966423 206 45 285 129
4 0.0083662635 152 22 250 223
8 0.007835109 163 66 241 179
