20 0.27972046 180 0 223 102
12 0.044707004 180 0 223 102
21 0.0392611 94 13 238 237
20 0.035672992 172 13 234 142
6 0.031120507 180 0 223 102
8 0.02441378 180 0 223 102
21 0.023181975 180 0 237 103
2 0.021776881 180 0 223 102
3 0.0196699 42 0 275 240
20 0.013293593 132 0 192 99
17 0.011822967 180 0 237 103
3 0.011005223 180 0 223 102
21 0.010295407 163 8 255 233
21 0.009927532 46 14 185 231
15 0.009199801 42 0 275 240
20 0.008696903 163 8 255 233
16 0.007974226 180 0 223 102
12 0.007581224 172 13 234 142
9 0.007458241 42 0 275 240
20 0.0072873537 214 0 270 99
11 0.0071701775 180 0 223 102
