6 0.039929822 120 25 198 157
6 0.030745884 132 57 191 113
6 0.02765961 180 59 231 112
6 0.026916927 163 33 249 146
15 0.02356359 49 0 277 237
6 0.017685229 229 77 270 160
6 0.017254196 94 0 220 174
12 0.017240206 10 61 47 185
8 0.017185181 77 153 156 240
6 0.016740087 228 51 276 120
12 0.015900314 52 67 92 170
7 0.014698862 94 47 234 207
15 0.014618493 94 47 234 207
4 0.014590506 109 24 222 159
6 0.014492997 134 78 187 149
6 0.013567925 178 74 224 155
6 0.012905267 212 28 292 150
6 0.01266414 91 50 140 125
6 0.012192938 70 36 155 149
16 0.01214341 77 153 156 240
7 0.011432152 49 0 277 237
6 0.01115247 95 68 140 161
7 0.010145986 142 22 279 166
6 0.009984623 124 54 287 204
14 0.009481264 49 0 277 237
