8 0.082636334 204 33 295 193
8 0.048779268 214 87 271 149
6 0.034882866 204 33 295 193
6 0.028014222 214 87 271 149
2 0.025661884 214 87 271 149
2 0.02540453 204 33 295 193
7 0.02008444 204 33 295 193
7 0.01708679 214 87 271 149
8 0.013893528 251 48 320 240
11 0.010704637 204 33 295 193
8 0.010606609 221 61 272 121
2 0.010180485 143 43 173 136
2 0.010120512 186 81 230 158
2 0.00947669 221 61 272 121
4 0.00811576 214 87 271 149
11 0.007716215 214 87 271 149
6 0.0069938246 221 61 272 121
2 0.006942668 172 43 255 182
12 0.006664355 211 49 288 174
6 0.0061441325 143 43 173 136
7 0.0059442082 186 81 230 158
12 0.005710628 214 87 271 149
7 0.0053977803 172 43 255 182
6 0.0053378395 244 31 320 195
4 0.0053061317 204 33 295 193
7 0.005291122 221 61 272 121
8 0.005180448 263 85 318 153
