7 0.07230408 11 0 217 228
6 0.06394699 65 18 138 152
6 0.0607132 37 11 106 165
21 0.03256188 11 0 217 228
14 0.026296973 11 0 217 228
15 0.026276505 11 0 217 228
10 0.022634218 11 0 217 228
17 0.020564832 11 0 217 228
12 0.020135129 0 0 216 194
1 0.015450424 11 0 217 228
6 0.015269777 0 0 216 194
12 0.0146919675 50 8 168 160
7 0.014249687 2 2 145 178
6 0.0118462285 42 45 111 127
11 0.011419244 258 97 320 219
2 0.010160047 11 0 217 228
6 0.010131361 79 46 143 125
17 0.010023132 50 8 168 160
4 0.009857322 11 0 217 228
11 0.009383566 280 126 320 195
