8 0.27894026 141 37 186 132
20 0.15033391 128 31 183 128
12 0.10393864 141 37 186 132
4 0.08729929 128 31 183 128
8 0.05697159 176 44 229 126
20 0.038898613 161 34 231 130
20 0.03258141 92 28 223 203
20 0.03205611 112 55 200 163
12 0.030509213 121 30 201 140
4 0.028026147 161 34 231 130
6 0.026028547 141 37 186 132
20 0.024756517 159 62 241 163
8 0.023584057 134 57 191 175
8 0.022381656 121 30 201 140
17 0.018466257 128 31 183 128
8 0.017832957 174 58 239 176
20 0.016150622 127 36 274 196
12 0.016069273 176 44 229 126
2 0.0142607605 141 37 186 132
20 0.013786389 169 101 236 196
20 0.013646275 205 33 280 130
16 0.013298441 128 31 183 128
20 0.0122997025 206 67 285 158
20 0.012242066 220 93 278 204
8 0.012174999 89 30 140 145
6 0.011666048 161 34 231 130
8 0.010740228 140 27 260 138
