6 0.042805865 117 27 201 154
6 0.034753446 134 59 189 112
6 0.033529755 181 60 229 112
6 0.030861085 157 35 255 144
15 0.025454821 52 0 276 237
6 0.020879587 232 78 266 159
6 0.019164653 230 52 274 120
6 0.018542925 93 44 236 210
4 0.017349154 107 22 223 162
8 0.017252166 77 154 155 240
6 0.017023455 134 80 187 149
12 0.01688526 10 60 47 185
7 0.016487904 93 44 236 210
6 0.016160099 180 76 222 154
6 0.015048512 209 29 296 148
12 0.014858817 52 68 93 169
6 0.014123225 93 52 140 124
15 0.014084458 93 44 236 210
7 0.013754474 52 0 276 237
6 0.012964082 96 71 141 159
6 0.012657296 69 36 155 148
16 0.0117933955 77 154 155 240
6 0.010843189 222 104 270 199
7 0.010372773 139 19 281 168
