6 0.22613521 207 52 273 197
6 0.06914247 168 54 251 187
7 0.06816917 174 44 320 204
6 0.03599297 174 44 320 204
15 0.033255883 186 0 317 240
14 0.023138437 186 0 317 240
15 0.02154032 139 38 293 208
12 0.019505003 9 66 46 179
14 0.016636606 139 38 293 208
4 0.016275126 174 44 320 204
7 0.013488986 152 9 278 175
19 0.013389024 189 54 306 176
6 0.013153237 217 28 283 148
12 0.012826464 51 60 92 180
13 0.01281398 174 44 320 204
16 0.01271613 73 145 158 240
14 0.011773218 68 0 260 240
15 0.01108962 68 0 260 240
8 0.01088687 73 145 158 240
