12 0.4032734 146 50 189 123
12 0.2714754 184 59 233 117
6 0.2709647 160 23 241 147
12 0.20322698 129 30 201 142
12 0.19936334 148 71 195 154
12 0.19649576 114 46 219 175
12 0.18002555 179 27 241 140
12 0.1789632 155 45 257 177
12 0.1458846 190 73 242 155
8 0.11205228 155 45 257 177
6 0.101937555 129 30 201 142
4 0.09443934 129 30 201 142
6 0.08438591 184 59 233 117
12 0.08383213 203 11 276 156
6 0.08279422 203 11 276 156
6 0.07899091 148 71 195 154
20 0.07082265 129 30 201 142
8 0.069953464 114 46 219 175
4 0.06938262 160 23 241 147
12 0.06701547 224 61 268 117
6 0.0613541 146 50 189 123
4 0.060720827 146 50 189 123
6 0.05685729 114 46 219 175
20 0.055217955 160 23 241 147
20 0.049280457 114 46 219 175
6 0.044043235 190 73 242 155
7 0.041975643 179 27 241 140
12 0.04085679 193 41 297 184
20 0.040434062 203 11 276 156
2 0.039396442 146 50 189 123
