12 0.33202797 194 85 232 164
6 0.13727823 194 85 232 164
12 0.11090362 178 43 232 200
12 0.10041463 188 107 229 198
12 0.05771603 233 74 274 176
4 0.04439812 194 85 232 164
6 0.04427094 147 80 188 164
12 0.043455347 147 80 188 164
4 0.041049168 178 43 232 200
20 0.038214717 194 85 232 164
12 0.0354284 195 40 231 141
4 0.032211903 188 107 229 198
6 0.031164108 188 107 229 198
6 0.029804012 195 40 231 141
20 0.025972012 178 43 232 200
4 0.023640512 147 80 188 164
12 0.02048413 129 44 199 200
6 0.019868357 178 43 232 200
6 0.019568995 233 74 274 176
4 0.017135777 129 44 199 200
20 0.014882147 233 74 274 176
6 0.01474133 232 175 274 240
4 0.014433132 216 53 274 191
12 0.014355611 196 0 290 234
12 0.013199839 214 78 282 234
4 0.012874084 196 0 290 234
6 0.011658685 129 44 199 200
12 0.011225717 232 175 274 240
6 0.011220167 140 39 185 138
