6 0.055780254 112 40 203 144
6 0.055616986 135 59 186 115
6 0.033057805 182 61 228 114
6 0.02275871 136 85 188 145
6 0.022551915 151 45 259 135
6 0.020425044 232 79 269 162
6 0.020087037 91 13 225 161
6 0.019569129 95 74 142 155
6 0.018583292 94 54 141 122
6 0.018467277 231 54 274 122
6 0.01805626 179 83 226 151
15 0.017677853 56 0 273 240
8 0.017361274 75 154 155 240
6 0.016816307 77 52 153 182
4 0.016731475 106 22 222 162
12 0.016500635 10 59 46 188
7 0.0154478615 56 0 273 240
7 0.014113146 99 47 229 206
12 0.013994775 53 70 91 168
6 0.013909414 208 71 295 173
16 0.012823783 75 154 155 240
6 0.012758257 124 46 287 209
6 0.012017237 206 38 299 140
6 0.009093782 180 108 225 187
6 0.008860694 49 3 173 170
6 0.008594351 222 103 274 202
