12 0.07090552 113 15 207 153
6 0.06435165 113 15 207 153
7 0.0510895 113 15 207 153
20 0.049681995 113 15 207 153
8 0.047615245 113 15 207 153
11 0.042375952 113 15 207 153
4 0.02797534 113 15 207 153
6 0.027846526 135 39 193 132
2 0.019068263 113 15 207 153
14 0.018261164 101 2 221 168
7 0.018224966 135 39 193 132
12 0.017011132 135 39 193 132
8 0.0153244035 135 39 193 132
16 0.013606136 113 15 207 153
6 0.013368904 148 0 246 163
7 0.011078078 156 20 246 202
5 0.010306528 122 29 203 146
20 0.009759168 148 0 246 163
17 0.009366176 113 15 207 153
12 0.008800717 148 0 246 163
4 0.008064955 148 0 246 163
