12 0.27181426 194 81 235 166
6 0.17477268 194 81 235 166
12 0.087498926 186 106 233 199
12 0.07959874 175 43 235 200
12 0.06817461 234 72 275 177
6 0.053055536 146 77 192 167
4 0.04596425 194 81 235 166
12 0.044217847 146 77 192 167
4 0.04390845 175 43 235 200
6 0.0413049 186 106 233 199
6 0.040171064 195 39 232 142
12 0.037948437 195 39 232 142
6 0.03203925 234 72 275 177
4 0.029168716 186 106 233 199
6 0.026843945 175 43 235 200
12 0.026780605 215 54 272 190
20 0.025928302 194 81 235 166
4 0.021822328 146 77 192 167
12 0.021094361 126 45 200 198
4 0.018243557 215 54 272 190
6 0.018080946 126 45 200 198
4 0.017616455 126 45 200 198
20 0.017152593 175 43 235 200
12 0.016008688 193 0 293 231
6 0.015363439 139 105 193 200
6 0.0152402865 233 174 273 240
4 0.014994492 193 0 293 231
6 0.014401671 140 34 186 143
20 0.0140420785 234 72 275 177
4 0.014023056 234 72 275 177
12 0.013441274 239 29 278 152
