2 0.053116873 221 95 273 150
6 0.02817264 221 95 273 150
8 0.023622783 218 39 289 193
8 0.023605281 221 95 273 150
7 0.020073254 221 95 273 150
7 0.018702727 218 39 289 193
2 0.018282149 218 39 289 193
6 0.017800141 218 39 289 193
11 0.016679384 218 39 289 193
12 0.015829958 221 95 273 150
4 0.010227832 218 39 289 193
11 0.0094659915 221 95 273 150
4 0.009266782 221 95 273 150
12 0.009047562 218 39 289 193
2 0.008735471 190 82 226 159
8 0.007940841 264 72 320 221
2 0.00720777 143 41 172 137
6 0.0052118027 272 118 315 188
6 0.005165887 143 41 172 137
