12 0.24864316 91 51 125 123
6 0.1742238 91 51 125 123
6 0.15267111 80 38 143 132
12 0.09301657 96 78 138 145
2 0.07319829 91 51 125 123
12 0.042563967 72 25 149 144
6 0.038918797 62 56 163 164
6 0.037341706 96 78 138 145
20 0.03592173 91 51 125 123
13 0.027693694 91 51 125 123
2 0.02726819 80 38 143 132
8 0.027065331 91 51 125 123
8 0.026533823 62 56 163 164
12 0.024936933 62 40 170 191
7 0.018833453 91 51 125 123
12 0.018787004 136 73 177 161
8 0.01815845 80 38 143 132
13 0.017370077 80 38 143 132
2 0.017055472 96 78 138 145
12 0.016264642 50 27 82 142
8 0.014725242 96 78 138 145
12 0.014091837 132 49 181 122
6 0.013019706 109 33 199 133
12 0.011464461 51 59 91 170
20 0.01121971 96 78 138 145
2 0.01034545 62 56 163 164
12 0.008203646 175 43 230 128
20 0.007824867 80 38 143 132
4 0.00782072 80 38 143 132
6 0.0078004296 28 38 107 123
12 0.0076669995 99 64 204 165
4 0.007601298 91 51 125 123
6 0.007510187 50 27 82 142
7 0.007190596 80 38 143 132
2 0.0070719696 50 27 82 142
6 0.0069269696 99 64 204 165
12 0.006812325 154 68 242 166
