18 0.22180776 164 42 230 196
20 0.055963222 165 55 230 186
20 0.04581859 113 49 211 193
18 0.032451466 130 27 192 213
18 0.027961908 152 21 258 217
6 0.027802546 175 42 226 187
10 0.02256315 165 55 230 186
5 0.022231258 165 55 230 186
12 0.02192348 175 42 226 187
13 0.020627145 175 42 226 187
4 0.019254008 175 42 226 187
7 0.018946266 164 42 230 196
19 0.014713539 165 55 230 186
20 0.014484565 60 29 176 207
20 0.012995516 86 7 224 172
18 0.012358159 86 7 224 172
20 0.0122585585 151 14 242 169
10 0.011692038 130 27 192 213
21 0.011668242 165 55 230 186
2 0.011396927 165 55 230 186
8 0.011099583 175 42 226 187
