12 0.3304042 181 85 239 173
12 0.21866511 184 107 234 208
6 0.17213124 181 85 239 173
12 0.14253893 152 14 244 211
6 0.12755764 184 107 234 208
12 0.080010645 227 73 279 183
6 0.047828693 131 79 205 171
20 0.045197684 181 85 239 173
12 0.039897237 173 0 313 240
4 0.03644397 184 107 234 208
4 0.031341095 174 60 239 190
6 0.029971804 182 44 239 141
12 0.026939508 182 44 239 141
12 0.026701339 103 4 215 227
20 0.02590789 227 73 279 183
6 0.022749323 227 73 279 183
20 0.022377372 152 14 244 211
20 0.020219188 184 107 234 208
4 0.020152802 152 14 244 211
20 0.016171757 173 0 313 240
12 0.016045257 131 79 205 171
6 0.013862847 118 83 201 229
4 0.0137187755 118 83 201 229
