6 0.23236923 72 32 156 149
6 0.21036083 95 55 135 118
6 0.124741234 89 22 145 91
6 0.08264511 38 27 108 153
6 0.073739626 140 52 180 117
6 0.07153682 48 49 92 128
6 0.048321985 107 26 208 156
6 0.04237401 38 19 189 162
6 0.03660087 88 78 139 152
7 0.035487235 38 19 189 162
6 0.034496825 1 48 50 132
12 0.029004784 48 49 92 128
12 0.02617898 88 78 139 152
6 0.025452418 87 0 144 65
6 0.025176821 133 78 187 154
6 0.024628341 52 9 100 105
12 0.024415286 95 55 135 118
12 0.024244526 1 48 50 132
6 0.021195712 181 40 233 132
6 0.02032648 134 21 184 88
6 0.01919302 229 40 276 136
12 0.019086782 67 8 160 146
6 0.01904245 46 71 96 162
12 0.017154435 230 71 276 163
