20 0.057180043 76 79 151 154
12 0.049830835 83 39 120 133
20 0.041721784 83 54 125 179
20 0.03149876 72 46 141 123
20 0.020905254 42 26 169 199
20 0.019000892 120 73 198 159
6 0.016257565 83 39 120 133
8 0.015492169 76 79 151 154
6 0.013640729 72 46 141 123
20 0.01262845 117 34 200 129
8 0.011171279 83 39 120 133
12 0.010487513 72 46 141 123
12 0.01005894 76 79 151 154
20 0.008479705 176 70 237 160
8 0.008335658 72 46 141 123
20 0.008082192 90 29 224 201
12 0.0070732655 54 0 161 162
8 0.0065820916 42 26 169 199
11 0.0054819924 72 46 141 123
