12 0.36709037 135 41 182 134
20 0.09903133 121 52 189 113
20 0.069818996 121 60 198 162
20 0.060936313 135 41 182 134
20 0.05702464 91 35 216 199
12 0.0499974 121 52 189 113
12 0.043133423 98 21 209 150
12 0.031388536 183 42 227 131
12 0.029702656 94 34 134 141
12 0.029390983 121 60 198 162
8 0.024846196 121 52 189 113
6 0.022213774 121 52 189 113
20 0.021869227 180 53 237 186
12 0.015874071 180 53 237 186
8 0.014421456 121 60 198 162
21 0.013798259 121 52 189 113
12 0.013507969 221 39 274 130
20 0.013208592 213 33 278 128
8 0.0129576465 135 41 182 134
20 0.012621789 166 42 239 122
20 0.012141024 132 45 273 192
12 0.010529969 87 50 136 187
6 0.010067235 135 41 182 134
20 0.0090257805 208 68 285 164
12 0.008572115 46 39 86 134
20 0.008405076 87 50 136 187
20 0.00802608 78 36 146 124
20 0.007336843 114 104 198 193
