6 0.29182774 191 74 238 178
6 0.070558734 145 76 191 174
12 0.06864283 191 74 238 178
6 0.06437904 172 46 236 202
6 0.050362956 194 32 236 149
6 0.03839107 235 61 282 191
12 0.033948567 158 70 252 225
4 0.031046044 172 46 236 202
4 0.028675752 185 102 237 209
6 0.022380186 111 48 205 201
6 0.021746771 235 172 273 240
6 0.021659588 184 131 234 240
12 0.01987979 235 172 273 240
12 0.019608628 212 167 292 240
6 0.018920476 141 40 188 140
4 0.013948815 145 76 191 174
4 0.013873084 211 53 278 195
6 0.013754678 150 116 254 240
4 0.01364701 177 27 320 205
6 0.013270104 200 83 293 233
12 0.013269232 280 169 317 240
12 0.013030749 235 61 282 191
4 0.012659964 200 83 293 233
