8 0.10757345 132 49 179 132
12 0.09705939 132 49 179 132
20 0.055367354 138 52 182 185
20 0.051783934 129 49 184 122
8 0.039426412 131 67 192 163
20 0.034445062 103 54 213 177
6 0.02187949 132 49 179 132
12 0.01629337 94 33 136 143
8 0.01181974 103 54 213 177
20 0.010757827 175 65 237 175
20 0.010379118 216 40 273 124
12 0.009715163 7 42 40 135
12 0.009504795 110 27 208 146
8 0.009014253 175 46 233 132
8 0.008994409 175 65 237 175
12 0.008964991 47 42 84 134
8 0.008963112 217 46 273 124
20 0.008819646 92 51 137 188
21 0.008777314 129 49 184 122
8 0.00866013 94 33 136 143
20 0.0070683286 86 47 148 118
20 0.006912302 176 47 232 121
12 0.006813614 131 67 192 163
12 0.006708677 6 70 40 169
20 0.0064246557 209 73 280 157
2 0.0061443024 132 49 179 132
