12 0.060190357 193 56 234 181
12 0.033288535 147 27 175 147
12 0.026589425 148 57 185 179
12 0.024611179 193 39 228 136
12 0.020984368 104 31 138 146
6 0.018377932 193 39 228 136
6 0.01637692 212 0 296 116
12 0.015850142 128 45 185 138
12 0.01491178 49 38 96 140
18 0.014530339 206 33 294 143
12 0.013627218 96 58 144 179
12 0.0127881635 0 43 54 141
12 0.012661465 203 31 293 196
6 0.01097657 147 27 175 147
6 0.01090213 193 56 234 181
6 0.010814423 0 43 54 141
6 0.01054531 172 0 247 112
6 0.010331397 203 31 293 196
18 0.009817425 188 12 317 234
12 0.009683795 166 29 252 206
6 0.008547786 49 38 96 140
6 0.008546874 232 29 276 144
6 0.008430634 104 31 138 146
6 0.007863128 0 7 53 105
