6 0.04670729 80 51 138 119
6 0.042233303 127 51 188 117
6 0.031199863 38 47 96 125
6 0.024129111 104 30 215 146
6 0.022916518 171 43 235 130
12 0.02287381 230 65 278 170
6 0.022788439 25 24 114 154
6 0.022681728 230 65 278 170
6 0.022638371 65 32 162 146
6 0.02180538 42 12 100 100
6 0.021125076 83 22 138 90
6 0.019324174 121 74 194 157
6 0.01641608 75 69 141 164
6 0.014997502 0 47 49 135
6 0.014859121 146 21 261 156
6 0.014811701 170 72 242 165
12 0.013004174 75 69 141 164
6 0.012620239 122 27 192 81
6 0.012240276 29 66 98 166
6 0.012162626 174 15 235 94
6 0.011447398 197 17 302 160
12 0.01105968 38 47 96 125
6 0.010160977 228 3 279 107
12 0.01010001 0 47 49 135
12 0.009904123 29 66 98 166
12 0.009651161 80 51 138 119
12 0.008224464 121 74 194 157
6 0.008094952 21 22 210 164
