20 0.16786064 168 32 228 204
20 0.11093018 124 30 200 210
4 0.09848158 172 55 233 182
6 0.094409525 170 44 219 198
16 0.06919853 170 44 219 198
8 0.049021658 170 44 219 198
17 0.04125876 168 32 228 204
12 0.03581058 168 32 228 204
20 0.03333264 179 40 225 142
18 0.02654314 170 44 219 198
4 0.025356753 139 65 182 175
4 0.02325682 124 30 200 210
4 0.021692347 163 1 232 231
20 0.021510124 130 78 181 237
20 0.019973636 86 54 153 240
8 0.019950813 130 78 181 237
16 0.019857746 130 78 181 237
16 0.01783891 128 165 187 240
