6 0.030262385 137 54 186 115
6 0.024026047 98 47 139 125
6 0.021953186 181 51 231 121
6 0.020584606 131 88 194 139
6 0.01964333 96 78 137 150
6 0.017943446 116 41 201 137
12 0.015158937 10 64 46 181
12 0.015091837 52 70 89 165
6 0.014691486 161 44 253 134
6 0.013468913 70 44 154 138
6 0.013072801 175 81 233 151
8 0.012684475 76 155 155 240
6 0.012594623 231 46 275 131
7 0.009936937 45 2 284 234
16 0.009576224 76 155 155 240
12 0.009307231 46 89 101 212
12 0.009136747 96 78 137 150
6 0.008842579 226 78 276 166
6 0.008726957 99 59 225 193
7 0.008234545 99 59 225 193
4 0.007829758 99 59 225 193
6 0.007088522 211 56 287 190
6 0.00639663 133 49 279 203
6 0.0061830734 89 111 149 187
12 0.0061766137 0 41 60 197
6 0.006137823 51 37 87 146
12 0.005862925 27 55 105 181
6 0.005626068 119 0 199 112
6 0.005547011 58 0 165 187
6 0.0054377103 75 135 161 235
6 0.0052534626 71 0 150 113
