6 0.16213794 88 45 129 129
12 0.10899011 88 45 129 129
2 0.06512112 88 45 129 129
8 0.056209493 88 45 129 129
13 0.028271 88 45 129 129
12 0.02806177 68 11 158 155
20 0.027637377 88 45 129 129
17 0.026849804 82 41 143 126
12 0.025917375 95 69 138 158
6 0.01677047 95 69 138 158
16 0.015445493 82 41 143 126
17 0.014802129 75 55 153 163
12 0.014288462 50 26 84 144
6 0.014037226 75 55 153 163
8 0.013693012 95 69 138 158
4 0.01341196 88 45 129 129
6 0.011730634 119 32 192 132
2 0.009920224 95 69 138 158
20 0.00957414 95 69 138 158
7 0.00918848 88 45 129 129
2 0.009030329 75 55 153 163
11 0.008237046 88 45 129 129
19 0.0077261976 88 45 129 129
17 0.0069887587 119 32 192 132
17 0.0069202995 56 21 182 203
8 0.006827639 75 55 153 163
20 0.006213309 68 11 158 155
