12 0.27321166 194 82 236 166
6 0.17817716 194 82 236 166
12 0.09197212 187 105 234 200
12 0.08508754 176 47 235 195
12 0.057993263 234 72 274 177
6 0.051461786 147 77 192 167
6 0.04820747 187 105 234 200
12 0.04334395 147 77 192 167
12 0.041251376 196 39 232 142
6 0.041235294 196 39 232 142
4 0.03942904 176 47 235 195
4 0.0354822 194 82 236 166
6 0.031767692 234 72 274 177
20 0.027233483 194 82 236 166
6 0.025869612 176 47 235 195
4 0.025792826 187 105 234 200
12 0.020795839 125 45 202 197
20 0.020061083 176 47 235 195
4 0.01922061 147 77 192 167
6 0.016076067 234 173 273 240
6 0.01605558 139 103 194 203
6 0.015905807 125 45 202 197
4 0.015480349 125 45 202 197
4 0.015121833 215 56 272 187
12 0.013369123 239 30 278 151
4 0.013131264 191 4 294 224
6 0.013001181 140 34 186 142
12 0.012929153 234 173 273 240
12 0.012725355 191 4 294 224
20 0.012420567 234 72 274 177
