20 0.10734102 98 65 134 178
12 0.072336785 98 65 134 178
8 0.03466866 98 65 134 178
12 0.0325281 89 42 129 140
20 0.032418977 87 82 139 149
8 0.0265354 87 82 139 149
20 0.016880447 47 48 166 189
20 0.015907772 89 42 129 140
12 0.013755633 87 82 139 149
12 0.011100994 47 48 166 189
8 0.010715093 89 42 129 140
20 0.009269738 132 75 188 156
6 0.0076962453 89 42 129 140
2 0.0076410607 89 42 129 140
8 0.0067405975 47 48 166 189
12 0.006143211 48 13 81 157
20 0.0060833963 78 26 238 210
2 0.0053714747 98 65 134 178
21 0.005258587 87 82 139 149
