2 0.55598515 219 37 291 240
7 0.08246418 209 2 290 233
6 0.06279613 216 0 289 129
2 0.0617306 225 18 280 90
2 0.060867824 151 91 320 208
12 0.058481038 209 2 290 233
8 0.053630963 268 20 314 89
6 0.047761843 213 4 285 238
4 0.045952287 207 37 294 240
6 0.043466434 263 0 316 136
2 0.042738564 268 20 314 89
7 0.039441682 151 91 320 208
8 0.038431667 263 0 316 136
7 0.035996024 225 18 280 90
2 0.034067266 170 40 263 240
8 0.033798356 225 18 280 90
8 0.03348253 216 0 289 129
7 0.03237156 268 20 314 89
7 0.030897304 221 50 279 191
6 0.02921708 225 18 280 90
