2 0.1948385 191 68 240 169
2 0.082776465 99 65 149 171
2 0.0670365 140 63 188 175
2 0.062029585 229 66 274 176
2 0.060000908 225 41 268 140
2 0.04388603 178 38 243 198
7 0.04057092 188 32 241 145
6 0.033126228 225 41 268 140
2 0.03192499 187 94 233 206
2 0.031058982 113 32 204 208
6 0.026735289 188 32 241 145
2 0.025176194 78 42 162 197
7 0.022470215 175 48 256 183
6 0.021249449 211 17 270 169
7 0.020787945 225 41 268 140
13 0.019945199 188 32 241 145
2 0.017175162 214 25 276 219
4 0.016520508 188 32 241 145
7 0.015076631 78 42 162 197
12 0.015023843 188 32 241 145
7 0.014628915 108 30 220 199
7 0.013992461 140 63 188 175
2 0.013147348 51 66 97 177
7 0.013114016 229 66 274 176
6 0.0129853245 229 66 274 176
7 0.012659176 99 65 149 171
