2 0.102403134 185 111 229 198
7 0.06637854 172 80 232 222
7 0.06339862 185 111 229 198
2 0.05677994 186 141 229 229
7 0.039318144 186 141 229 229
7 0.022081412 189 71 217 174
2 0.019324522 189 71 217 174
4 0.015580616 185 111 229 198
6 0.013972241 172 80 232 222
7 0.01355003 150 58 183 181
2 0.012395947 93 142 133 231
2 0.012174938 144 102 185 204
13 0.012170714 189 71 217 174
4 0.011187113 186 141 229 229
2 0.011037027 134 137 182 232
7 0.010862338 122 0 206 240
6 0.0107561415 185 111 229 198
4 0.010418794 172 80 232 222
7 0.010121844 33 30 291 202
13 0.009401473 185 111 229 198
7 0.009380494 144 102 185 204
7 0.009354079 121 101 195 240
4 0.008978004 189 71 217 174
8 0.00839473 185 111 229 198
7 0.008342032 138 63 259 240
8 0.008053204 186 141 229 229
7 0.008025026 134 137 182 232
7 0.007641495 225 137 278 237
6 0.00743665 189 71 217 174
2 0.007163472 150 58 183 181
