12 0.2093472 140 86 201 213
13 0.13466012 121 74 202 227
20 0.10627291 121 74 202 227
7 0.0902785 121 74 202 227
6 0.07596233 140 86 201 213
2 0.06521699 121 74 202 227
19 0.050006423 121 74 202 227
12 0.043968022 108 65 217 237
12 0.03899223 173 82 240 215
6 0.037826885 129 73 191 167
8 0.03214126 140 86 201 213
6 0.030177964 175 67 230 174
20 0.025631515 152 77 239 224
12 0.021435726 129 73 191 167
7 0.020537464 152 77 239 224
8 0.019843526 108 65 217 237
15 0.016711071 108 65 217 237
4 0.015140388 121 74 202 227
18 0.013921226 108 65 217 237
6 0.013360668 108 65 217 237
