4 0.04501749 122 69 188 217
12 0.043057643 122 69 188 217
20 0.02944903 122 69 188 217
4 0.022429878 74 63 163 223
12 0.020688096 81 76 145 221
7 0.018396186 122 69 188 217
14 0.01800123 8 23 320 225
4 0.015522056 84 49 145 183
8 0.014538619 122 69 188 217
21 0.014248261 8 23 320 225
5 0.0126025835 117 0 197 240
20 0.012553636 97 24 238 222
7 0.012328159 74 63 163 223
4 0.010716332 25 0 119 240
12 0.009537893 87 37 132 196
12 0.009469939 161 19 256 223
2 0.009321452 122 69 188 217
5 0.00878324 70 14 155 229
