2 0.16789064 162 41 241 135
7 0.11711798 163 0 224 225
7 0.1112019 133 0 198 172
2 0.10004109 165 0 228 175
12 0.09674055 165 0 228 175
12 0.07351818 162 41 241 135
2 0.058779135 133 0 198 172
12 0.05815957 176 12 228 99
2 0.05492057 123 31 218 141
4 0.05266565 165 0 228 175
7 0.048482977 123 31 218 141
6 0.044050723 165 0 228 175
20 0.041028287 165 0 228 175
7 0.037637427 162 41 241 135
12 0.03309931 138 5 202 161
8 0.025728999 165 0 228 175
2 0.024282794 176 12 228 99
4 0.023944704 162 41 241 135
20 0.022556426 133 0 198 172
