20 0.18641989 114 80 199 227
12 0.14739841 130 80 202 224
2 0.06096198 114 80 199 227
13 0.053709462 130 80 202 224
7 0.047420233 113 78 208 227
8 0.042217225 130 80 202 224
6 0.04029251 130 80 202 224
19 0.032578353 114 80 199 227
4 0.027328601 130 80 202 224
18 0.02434247 113 78 208 227
12 0.021873863 169 82 244 221
20 0.017761327 143 83 249 223
8 0.01769433 129 76 186 169
12 0.016244037 129 76 186 169
6 0.014050839 129 76 186 169
15 0.013049122 113 78 208 227
20 0.010784473 129 76 186 169
12 0.010304965 279 104 320 200
