2 0.20464687 174 0 239 165
7 0.13116992 169 17 253 151
12 0.06872844 174 22 234 156
20 0.067784436 174 0 239 165
6 0.03845837 174 22 234 156
5 0.0351338 169 17 253 151
19 0.021647653 174 0 239 165
7 0.016462943 205 1 290 163
2 0.016264366 217 36 273 194
12 0.015919022 159 29 264 202
8 0.015608704 174 0 239 165
12 0.015354984 220 11 265 159
7 0.014576716 164 0 263 237
2 0.0131501835 159 29 264 202
2 0.012878081 117 0 210 164
18 0.011920057 174 0 239 165
6 0.01108985 181 7 226 106
7 0.011054492 124 0 216 173
12 0.010992908 181 7 226 106
12 0.010675249 205 1 290 163
