4 0.17254598 80 78 152 220
4 0.16233988 119 69 181 228
12 0.08608593 79 89 149 214
12 0.07955402 117 74 181 220
6 0.038621124 79 89 149 214
4 0.03704573 123 5 202 225
7 0.023997428 79 89 149 214
7 0.023239784 103 24 228 232
4 0.020440824 25 65 119 235
4 0.018852644 129 43 174 190
12 0.018045506 123 5 202 225
7 0.017884249 73 11 156 220
12 0.016035417 129 43 174 190
7 0.016000425 117 74 181 220
4 0.015450785 95 60 233 240
4 0.014869539 131 14 189 157
4 0.013865756 86 48 131 186
7 0.013272989 86 48 131 186
7 0.013252778 129 43 174 190
12 0.013092245 86 48 131 186
7 0.01308706 9 13 320 237
6 0.01279906 119 69 181 228
