7 0.12682575 72 28 170 220
7 0.0603101 49 109 92 193
6 0.055291176 75 19 162 170
8 0.041042663 39 61 106 240
7 0.040210534 86 69 155 170
7 0.038213413 96 111 141 187
7 0.03677608 0 39 263 198
7 0.036713406 91 4 226 240
7 0.036058858 39 61 106 240
7 0.035030056 119 35 194 212
2 0.029923696 49 109 92 193
8 0.028567554 49 109 92 193
7 0.02852881 140 114 180 191
8 0.027817413 71 63 169 240
7 0.025461439 40 6 200 179
7 0.024817955 42 80 93 168
8 0.0228784 116 74 197 232
4 0.022189928 116 74 197 232
6 0.020739134 119 35 194 212
2 0.020132149 0 0 320 186
18 0.020064592 63 39 172 205
