12 0.29059434 204 0 296 240
12 0.058804274 122 13 320 229
7 0.057836562 217 21 286 230
20 0.05471168 201 5 300 230
12 0.049312774 218 10 275 173
19 0.046779696 122 13 320 229
19 0.04636973 204 0 296 240
7 0.042672805 122 13 320 229
2 0.03349458 204 0 296 240
13 0.028659511 201 5 300 230
17 0.022318665 122 13 320 229
21 0.022020653 201 5 300 230
12 0.020829283 206 120 300 240
4 0.020208906 201 5 300 230
17 0.020141704 204 0 296 240
2 0.018476931 122 13 320 229
12 0.017113816 164 0 264 240
20 0.016149262 205 20 287 155
