6 0.108249396 72 8 170 182
7 0.09935829 42 0 192 177
7 0.07888954 72 24 167 227
7 0.050128683 89 2 229 240
18 0.04571569 42 0 192 177
7 0.043096066 48 108 91 195
2 0.041123662 5 0 316 173
7 0.039121915 5 0 316 173
7 0.039075173 93 111 139 186
7 0.033872925 114 0 192 211
8 0.031191586 36 68 106 236
7 0.030855814 84 69 149 170
8 0.030797688 67 68 168 237
6 0.030306222 114 0 192 211
8 0.030079877 48 108 91 195
2 0.027649546 48 108 91 195
7 0.027446877 36 68 106 236
4 0.025973063 118 63 194 240
7 0.02580048 138 116 177 187
7 0.023434259 77 29 158 148
