2 0.1072004 185 67 231 178
6 0.06302521 185 67 231 178
7 0.039716326 185 67 231 178
7 0.03272105 161 48 256 190
12 0.023709547 185 67 231 178
2 0.021015584 9 76 53 171
2 0.019254684 49 71 94 173
2 0.017877785 176 72 239 237
4 0.016727006 178 45 235 202
13 0.015732892 185 67 231 178
2 0.014295513 143 98 181 205
2 0.0120494915 227 62 271 182
2 0.01197102 95 74 142 171
18 0.011698248 178 45 235 202
7 0.011263229 176 72 239 237
2 0.010166596 174 19 241 163
6 0.0101477355 143 73 185 174
12 0.00936785 161 48 256 190
6 0.009024113 161 48 256 190
7 0.008948774 9 76 53 171
20 0.008706736 178 45 235 202
7 0.008618828 49 71 94 173
7 0.0076653655 201 45 297 189
7 0.007611556 227 62 271 182
7 0.007308516 78 30 232 221
7 0.0072826417 143 73 185 174
