2 0.22377616 144 88 191 220
6 0.18422373 129 37 188 212
12 0.12624365 129 48 190 240
6 0.11662683 140 78 187 173
7 0.114734344 129 48 190 240
6 0.10665806 168 39 235 208
12 0.091771014 140 78 187 173
2 0.08610319 188 89 230 211
4 0.08609837 129 48 190 240
6 0.08437935 185 71 234 171
7 0.07138803 161 47 239 240
12 0.07011815 185 71 234 171
4 0.05885198 185 71 234 171
4 0.0538206 168 39 235 208
12 0.047871437 161 47 239 240
7 0.040711984 188 89 230 211
12 0.03852742 234 79 287 168
4 0.03717148 140 78 187 173
8 0.03625426 129 48 190 240
2 0.033848893 132 59 209 237
