12 0.17284043 176 74 257 240
20 0.1490961 160 66 253 240
12 0.13854665 209 58 285 240
20 0.109335914 205 48 284 240
7 0.038439874 176 74 257 240
8 0.035675336 174 67 257 230
19 0.02989541 100 67 320 236
8 0.029622106 201 79 289 220
7 0.02669503 201 79 289 220
19 0.024126481 205 48 284 240
7 0.022533894 73 63 320 240
20 0.018599734 177 71 237 182
20 0.017837685 209 84 276 166
4 0.0167735 176 74 257 240
20 0.016679533 215 109 277 210
12 0.016489424 73 63 320 240
17 0.015430451 73 63 320 240
13 0.015302361 179 97 243 224
