2 0.14578678 183 107 234 204
7 0.10197192 171 80 235 226
7 0.03720351 183 138 230 230
6 0.02710481 171 80 235 226
2 0.016294204 145 103 186 205
7 0.015835185 148 67 184 175
4 0.015138593 171 80 235 226
7 0.015075706 184 72 220 174
2 0.013658576 184 72 220 174
7 0.0134565 145 103 186 205
7 0.011372391 33 24 293 211
8 0.011228823 171 80 235 226
7 0.010970362 142 62 259 240
2 0.010477271 132 138 181 233
7 0.010458865 126 75 201 230
13 0.010411739 183 107 234 204
7 0.008689156 132 138 181 233
2 0.008566268 90 141 135 232
2 0.008479984 148 67 184 175
2 0.008342075 221 133 280 240
7 0.008338765 114 0 214 240
7 0.008065645 90 141 135 232
7 0.007535758 221 133 280 240
