12 0.14758833 186 85 232 210
7 0.14215484 159 84 235 221
20 0.09144613 159 84 235 221
6 0.051090322 186 85 232 210
13 0.046557367 159 84 235 221
12 0.03952099 156 79 247 218
2 0.03480978 159 84 235 221
6 0.026399568 156 79 247 218
8 0.022476949 159 84 235 221
18 0.017066412 156 79 247 218
6 0.015947202 141 87 195 209
12 0.014577537 141 87 195 209
16 0.013776464 159 84 235 221
20 0.013632458 113 92 208 212
4 0.013283755 159 84 235 221
7 0.013258804 113 92 208 212
12 0.011064797 285 97 319 199
13 0.010911967 113 92 208 212
