12 0.1312164 188 84 235 216
2 0.12426045 188 84 235 216
7 0.10721821 174 68 224 237
2 0.07121861 174 68 224 237
7 0.054107364 188 84 235 216
8 0.052256886 188 84 235 216
13 0.050646123 188 84 235 216
6 0.039584808 188 84 235 216
20 0.03862353 188 84 235 216
6 0.037481762 174 68 224 237
20 0.03616107 174 68 224 237
12 0.02648732 174 68 224 237
5 0.023133334 188 84 235 216
8 0.023027405 174 68 224 237
13 0.02290322 174 68 224 237
18 0.018114367 188 84 235 216
4 0.017917154 188 84 235 216
4 0.015116485 174 68 224 237
5 0.014539539 174 68 224 237
7 0.011812506 113 89 197 215
2 0.011095604 158 51 242 192
10 0.009304077 188 84 235 216
18 0.008569963 174 68 224 237
8 0.008092814 133 67 197 170
7 0.007741226 148 84 262 219
12 0.0075650774 143 72 191 231
11 0.0075153955 188 84 235 216
3 0.0074667735 188 84 235 216
