2 0.17719662 183 73 234 172
7 0.059776254 183 73 234 172
2 0.055697896 46 66 95 179
6 0.031875413 183 73 234 172
7 0.026844654 163 50 254 184
2 0.0268276 226 70 271 173
7 0.025131082 46 66 95 179
2 0.023186238 92 70 139 174
2 0.022790993 139 68 185 177
7 0.022760632 26 48 117 202
7 0.018553266 175 72 241 233
2 0.01687288 175 72 241 233
7 0.015631 226 70 271 173
12 0.014382563 183 73 234 172
7 0.01397493 209 54 281 193
7 0.013896954 0 0 320 177
4 0.013717972 183 73 234 172
2 0.0128777465 0 0 320 177
2 0.011303647 163 50 254 184
7 0.010903531 92 70 139 174
2 0.010887684 6 66 50 179
2 0.010504797 26 48 117 202
7 0.010502256 67 33 240 213
7 0.010442602 139 68 185 177
2 0.009313537 124 43 202 203
