12 0.117268264 98 44 147 202
4 0.09715611 98 44 147 202
20 0.067819685 83 48 145 203
6 0.06420277 98 44 147 202
8 0.031908605 98 44 147 202
4 0.02595341 124 59 180 197
7 0.022003762 98 44 147 202
2 0.017228868 98 44 147 202
6 0.01680295 77 45 154 143
20 0.01663715 116 46 194 207
20 0.014930577 103 27 141 158
12 0.014588395 134 65 189 188
10 0.014126971 98 44 147 202
5 0.014075942 98 44 147 202
4 0.013898751 111 79 198 229
13 0.013793168 98 44 147 202
6 0.013197682 134 65 189 188
11 0.012203166 98 44 147 202
