7 0.14346379 86 18 160 232
6 0.12730248 85 11 156 180
6 0.07330511 117 21 190 230
7 0.07070888 91 67 156 169
7 0.06899187 117 21 190 230
7 0.050076578 47 102 94 196
18 0.049372878 69 23 172 217
2 0.04245179 47 102 94 196
7 0.042060312 135 68 180 169
8 0.04169444 86 18 160 232
8 0.039592337 42 49 106 240
7 0.038952075 92 106 146 188
7 0.03796919 142 106 183 192
7 0.034890033 91 0 227 190
7 0.033480506 0 25 268 211
7 0.031124135 52 0 177 190
2 0.028205287 14 0 310 184
2 0.027934426 142 106 183 192
7 0.027354218 42 49 106 240
12 0.026699146 73 33 158 209
8 0.02542402 124 53 195 240
