12 0.24097162 121 24 200 205
6 0.22743726 121 32 185 208
6 0.14174391 134 41 186 136
7 0.11489319 121 32 185 208
7 0.11133023 138 67 185 170
12 0.106480055 82 36 163 205
4 0.10320375 138 67 185 170
12 0.09970855 138 67 185 170
6 0.093912035 82 36 163 205
4 0.08902253 121 32 185 208
6 0.0833509 138 67 185 170
7 0.05132159 82 36 163 205
6 0.051157977 168 46 252 185
7 0.050938327 142 94 178 202
6 0.049444262 109 0 213 170
4 0.045830794 188 74 239 167
6 0.045177467 99 63 144 174
12 0.040725276 99 63 144 174
4 0.03805071 168 46 252 185
7 0.03779433 55 0 262 237
4 0.037588 82 36 163 205
2 0.037241574 138 67 185 170
7 0.033526506 99 63 144 174
