6 0.092331804 180 37 232 209
2 0.08137848 187 72 230 175
6 0.06665001 187 72 230 175
7 0.04018928 187 72 230 175
7 0.03813628 165 49 253 188
2 0.018384706 141 93 186 215
12 0.01607763 187 72 230 175
7 0.015797755 7 30 313 201
2 0.015468735 232 68 275 177
2 0.015426221 171 67 238 240
4 0.011976435 187 72 230 175
2 0.011428139 92 97 141 211
7 0.01089551 78 6 235 240
6 0.01001831 131 36 196 212
4 0.009633254 180 37 232 209
2 0.009575424 54 0 268 139
7 0.009003251 142 71 189 174
6 0.008575964 213 31 286 215
2 0.008380918 280 97 320 214
2 0.008104144 52 90 98 218
7 0.008091776 208 54 294 240
6 0.0080645345 142 71 189 174
2 0.0074938973 123 74 201 236
