2 0.14008003 188 107 234 205
7 0.0653229 173 77 236 229
7 0.05633504 188 107 234 205
2 0.02931761 233 105 274 208
2 0.026656957 145 99 187 211
4 0.026214527 188 107 234 205
2 0.02179939 98 108 135 204
2 0.020718686 224 133 274 240
7 0.018691102 233 105 274 208
7 0.01751979 224 133 274 240
2 0.016302738 173 77 236 229
7 0.016121075 132 59 266 240
13 0.015272013 188 107 234 205
4 0.014545702 173 77 236 229
7 0.014335322 213 78 285 232
6 0.014232147 188 107 234 205
6 0.013091707 173 77 236 229
7 0.012852508 126 74 198 232
7 0.012167584 53 21 260 229
7 0.011083822 145 99 187 211
7 0.010538721 190 63 230 183
2 0.010409797 190 63 230 183
12 0.010176741 188 107 234 205
2 0.009328499 139 136 182 236
13 0.008809639 173 77 236 229
