2 0.2248905 113 68 198 235
6 0.0931951 113 68 198 235
12 0.08909166 127 59 203 240
7 0.08507218 113 68 198 235
2 0.08037507 179 95 229 209
2 0.07159373 159 72 237 226
4 0.07025679 113 68 198 235
7 0.046204675 159 72 237 226
8 0.044572346 113 68 198 235
6 0.035868138 138 69 183 180
6 0.034095537 163 31 234 206
8 0.032465626 159 72 237 226
2 0.029950988 93 96 148 214
2 0.0299201 273 78 319 165
2 0.029707363 138 69 183 180
19 0.028809683 113 68 198 235
2 0.028554806 138 134 186 240
2 0.026698437 203 62 291 233
4 0.026254307 159 72 237 226
7 0.025647687 179 95 229 209
2 0.025087275 226 101 281 203
7 0.0242492 75 103 154 240
