2 0.14771496 184 105 225 203
7 0.045063738 184 105 225 203
7 0.04484484 173 81 231 229
13 0.030858057 184 105 225 203
2 0.026299758 144 102 180 204
2 0.024387784 189 67 216 179
2 0.022422168 181 141 224 228
13 0.02049097 189 67 216 179
7 0.020343777 189 67 216 179
4 0.01942632 184 105 225 203
4 0.015465914 189 67 216 179
4 0.014789421 173 81 231 229
2 0.013527423 173 81 231 229
6 0.013043794 173 81 231 229
2 0.012919327 133 138 175 232
2 0.01253774 150 63 178 177
7 0.012402333 150 63 178 177
6 0.012211567 184 105 225 203
2 0.012041066 97 101 129 206
7 0.011569629 181 141 224 228
13 0.011485192 173 81 231 229
2 0.011077375 235 103 272 209
8 0.010439848 184 105 225 203
7 0.009390199 144 102 180 204
7 0.008840255 127 13 200 228
6 0.0086147785 189 67 216 179
13 0.008554865 150 63 178 177
2 0.008196442 227 136 275 240
2 0.007802323 95 138 133 233
18 0.00736791 184 105 225 203
4 0.0071628843 150 63 178 177
7 0.00693423 140 70 259 239
7 0.006910409 16 18 308 212
