2 0.14207347 182 100 231 211
7 0.09568056 173 78 235 232
6 0.02925988 173 78 235 232
2 0.02788982 143 98 181 214
7 0.023029847 159 26 254 215
7 0.022687724 183 135 229 236
2 0.020281356 230 101 274 213
7 0.017389603 206 84 289 229
7 0.017226974 124 80 197 231
4 0.016827922 173 78 235 232
7 0.015974531 184 49 230 193
13 0.015155994 182 100 231 211
2 0.014396893 97 103 131 207
7 0.014394884 230 101 274 213
7 0.0132055245 143 98 181 214
7 0.012335485 280 111 319 206
7 0.0120271845 22 27 299 201
2 0.010225588 280 111 319 206
2 0.009536694 137 135 180 236
7 0.008882846 221 128 280 240
7 0.008839413 263 81 320 230
