2 0.16996782 140 72 189 169
2 0.15173289 194 70 238 170
2 0.06776977 232 64 274 178
2 0.05860018 119 50 199 193
2 0.054015294 95 65 149 174
7 0.03810013 119 50 199 193
2 0.03359847 230 42 270 138
2 0.032644905 176 47 248 194
7 0.029808398 176 47 248 194
2 0.026339145 189 94 230 205
7 0.02218978 140 72 189 169
2 0.021535661 50 67 97 175
7 0.018461531 194 70 238 170
2 0.01763061 73 51 162 193
6 0.016526744 230 42 270 138
2 0.015634783 215 47 283 197
7 0.015629759 215 47 283 197
6 0.0146136265 232 64 274 178
6 0.0135228 119 50 199 193
7 0.013269306 230 42 270 138
7 0.013237756 232 64 274 178
6 0.012726361 210 25 282 157
6 0.01143195 194 70 238 170
2 0.011293278 7 70 50 175
6 0.01125084 176 47 248 194
7 0.010734638 73 51 162 193
