2 0.1213711 189 107 225 205
7 0.065614894 173 89 227 220
7 0.048617005 189 107 225 205
4 0.027390705 189 107 225 205
13 0.02098718 189 107 225 205
4 0.020832688 173 89 227 220
6 0.019249264 173 89 227 220
6 0.016249618 189 107 225 205
2 0.015789222 148 107 181 204
8 0.013336273 189 107 225 205
13 0.012466896 173 89 227 220
7 0.0115427645 122 83 196 229
2 0.010632181 180 136 228 236
2 0.010503159 95 141 131 234
2 0.010339039 173 89 227 220
7 0.009471637 136 70 262 238
7 0.009059511 180 136 228 236
7 0.008513689 66 124 157 240
2 0.008243134 132 140 176 231
2 0.007822307 100 107 132 206
7 0.007416909 148 107 181 204
18 0.007152045 189 107 225 205
7 0.0062165475 189 66 218 184
8 0.0061289617 173 89 227 220
7 0.006047953 170 11 237 233
7 0.0056224423 206 118 300 240
2 0.0056137047 189 66 218 184
7 0.005563151 73 45 240 200
7 0.00527365 95 141 131 234
