2 0.06617719 184 28 226 142
7 0.04365351 161 15 253 160
2 0.04072143 168 5 237 154
6 0.036581077 184 28 226 142
6 0.031273104 168 5 237 154
12 0.028041428 184 28 226 142
2 0.02667942 181 59 241 173
19 0.013821754 168 5 237 154
20 0.013273064 184 28 226 142
5 0.011721144 161 15 253 160
20 0.011517524 168 5 237 154
6 0.011300129 186 12 223 100
8 0.0111508 168 5 237 154
2 0.0109295705 142 34 193 140
7 0.010492667 184 28 226 142
7 0.009981633 126 27 216 208
8 0.009576202 184 28 226 142
4 0.00908333 168 5 237 154
5 0.0077274786 184 28 226 142
12 0.007417724 181 59 241 173
12 0.007261194 168 5 237 154
13 0.0067197485 184 28 226 142
2 0.0063401484 120 12 209 150
18 0.006209466 168 5 237 154
