2 0.14084572 181 106 227 205
7 0.10514748 169 83 236 225
7 0.073011294 181 106 227 205
7 0.0390099 184 70 220 182
2 0.03718485 140 107 180 202
2 0.03673754 184 70 220 182
2 0.024378985 231 106 272 209
7 0.023009546 119 80 201 227
7 0.022772009 144 67 184 179
7 0.021048 140 107 180 202
7 0.019343276 215 85 285 226
13 0.019090282 184 70 220 182
7 0.017961906 231 106 272 209
13 0.016915468 181 106 227 205
2 0.016903581 95 102 132 205
2 0.016836843 144 67 184 179
6 0.016070843 169 83 236 225
4 0.014097553 181 106 227 205
13 0.013728936 169 83 236 225
6 0.013638378 184 70 220 182
4 0.01289608 169 83 236 225
2 0.012495006 169 83 236 225
7 0.011838479 78 25 237 223
4 0.010527634 184 70 220 182
6 0.010162699 181 106 227 205
2 0.010063651 133 136 178 230
