6 0.2797304 125 51 189 193
7 0.1190392 128 38 208 240
12 0.11008977 121 31 194 240
4 0.09179544 121 31 194 240
12 0.08387821 135 75 192 169
6 0.075152636 163 54 238 191
4 0.070049405 182 72 238 168
2 0.058878075 121 31 194 240
12 0.058644585 182 72 238 168
4 0.05335265 135 75 192 169
2 0.05141037 135 75 192 169
7 0.04964471 139 86 188 212
12 0.046512954 21 67 213 240
2 0.0450508 182 72 238 168
4 0.043846678 229 76 290 171
7 0.042459626 161 52 241 238
4 0.03939162 161 52 241 238
12 0.039100543 161 52 241 238
7 0.035858173 66 61 250 240
