4 0.13166855 116 69 184 229
4 0.12105844 78 85 145 216
12 0.038853426 77 96 146 207
12 0.038379475 121 85 182 210
7 0.029242732 90 11 236 240
4 0.02859884 30 69 110 234
4 0.023253774 130 39 175 193
15 0.021876462 86 0 242 210
4 0.021463089 90 11 236 240
4 0.02006606 163 17 238 212
4 0.01650596 85 44 135 188
7 0.01597907 128 20 198 214
2 0.015720885 128 20 198 214
7 0.015221832 78 29 153 208
12 0.014514111 130 39 175 193
6 0.013888289 78 85 145 216
15 0.012732964 123 24 295 230
2 0.01267232 90 11 236 240
12 0.011383923 85 44 135 188
