12 0.15429842 187 106 232 200
20 0.07582345 187 106 232 200
20 0.071515106 164 85 234 224
2 0.056764588 187 106 232 200
6 0.051330447 187 106 232 200
6 0.043218516 164 85 234 224
7 0.040524147 164 85 234 224
8 0.040478658 187 106 232 200
8 0.03370194 164 85 234 224
18 0.031359468 187 106 232 200
13 0.029614067 187 106 232 200
2 0.029130211 164 85 234 224
12 0.026174821 164 85 234 224
7 0.023984088 187 106 232 200
13 0.02122404 164 85 234 224
18 0.020786572 164 85 234 224
5 0.018107975 164 85 234 224
5 0.017086007 187 106 232 200
20 0.015529942 105 91 212 211
4 0.015014759 187 106 232 200
12 0.014827194 137 82 194 223
6 0.013423022 137 82 194 223
19 0.013246455 164 85 234 224
11 0.012503239 187 106 232 200
4 0.011530314 164 85 234 224
20 0.01145355 137 82 194 223
7 0.0098344935 105 91 212 211
12 0.008998069 284 93 320 211
3 0.008928282 187 106 232 200
12 0.008602124 181 60 230 185
6 0.008353884 105 91 212 211
8 0.008145991 137 82 194 223
16 0.0073439726 187 106 232 200
