12 0.13141207 177 90 237 204
7 0.108116835 153 75 233 229
12 0.09744045 137 84 206 212
7 0.09706922 123 79 205 224
12 0.09362566 153 75 233 229
20 0.08899703 123 79 205 224
20 0.0837909 153 75 233 229
20 0.056621384 177 90 237 204
13 0.05276586 123 79 205 224
8 0.048186418 153 75 233 229
6 0.0437745 137 84 206 212
7 0.040395122 177 90 237 204
2 0.040279895 123 79 205 224
6 0.040082164 153 75 233 229
6 0.037821863 177 90 237 204
8 0.03588985 177 90 237 204
8 0.033839878 123 79 205 224
19 0.030631386 123 79 205 224
12 0.028037488 110 66 219 240
13 0.023794848 153 75 233 229
2 0.018329797 153 75 233 229
