12 0.04793989 116 85 187 211
12 0.040998604 79 84 148 214
4 0.03682213 126 44 193 187
4 0.03284303 77 22 252 232
4 0.026656017 69 15 159 224
12 0.026071047 128 33 174 198
20 0.02317025 126 44 193 187
4 0.022872718 85 46 147 187
12 0.022019168 85 43 135 192
7 0.020179003 114 19 198 222
12 0.019086033 69 15 159 224
7 0.018760886 69 15 159 224
20 0.017567992 77 22 252 232
8 0.015342503 126 44 193 187
7 0.014478392 85 46 147 187
7 0.012575627 0 26 320 218
15 0.012120528 87 9 243 181
21 0.011541591 23 11 309 170
4 0.011005212 20 0 123 240
