12 0.16967955 171 78 251 239
20 0.1511592 164 86 251 215
8 0.059611637 164 86 251 215
7 0.044356395 171 78 251 239
12 0.03401627 182 60 237 193
12 0.030000502 220 48 266 195
12 0.026306449 190 28 297 240
20 0.023154018 206 82 279 219
19 0.02255239 75 64 314 239
20 0.020201951 190 28 297 240
13 0.017228115 171 78 251 239
4 0.016784273 171 78 251 239
20 0.016200475 182 60 237 193
7 0.01616626 190 28 297 240
2 0.016128758 153 59 249 240
7 0.014019936 218 69 274 240
12 0.013271728 206 82 279 219
12 0.013167306 75 64 314 239
