7 0.2642156 86 13 157 236
7 0.12522441 125 20 190 226
6 0.09484155 78 5 159 183
18 0.07894537 75 35 155 209
7 0.075557016 83 66 160 172
7 0.06660579 0 31 258 205
7 0.06567448 46 102 91 199
7 0.059568305 132 77 194 161
18 0.05492171 49 2 183 182
2 0.0543634 46 102 91 199
7 0.051625893 49 2 183 182
2 0.04791701 15 0 301 179
2 0.047693066 75 35 155 209
7 0.04733321 100 0 209 173
8 0.047062915 86 13 157 236
8 0.045156386 45 75 99 235
6 0.043805163 123 0 190 203
7 0.03717971 138 110 185 189
7 0.035817135 86 107 143 190
