2 0.090014465 92 69 141 172
2 0.055710785 187 65 231 172
2 0.03214219 228 69 267 174
2 0.022683285 73 56 160 193
7 0.019862045 182 21 234 153
2 0.019853823 140 69 184 171
2 0.018067108 49 69 99 175
7 0.015156794 92 69 141 172
7 0.014560043 164 55 251 191
2 0.014317427 225 99 264 204
6 0.011978103 168 20 247 162
7 0.011496129 205 54 291 195
7 0.011323391 73 56 160 193
2 0.011014255 164 55 251 191
7 0.01052124 228 69 267 174
7 0.010383855 157 13 267 158
2 0.010262293 9 68 51 179
2 0.009112447 116 62 209 184
2 0.008681115 222 28 270 150
7 0.0073971795 60 0 263 132
4 0.007114882 168 20 247 162
4 0.0071104346 73 56 160 193
7 0.0067348382 222 28 270 150
2 0.006515177 177 86 225 208
