7 0.26565692 133 57 204 240
7 0.25139883 160 60 235 239
2 0.23352082 143 88 199 217
2 0.22117855 180 96 235 206
6 0.15323623 127 46 197 206
7 0.113300845 180 96 235 206
6 0.10605712 160 60 235 239
4 0.09134453 133 57 204 240
2 0.08435684 142 78 189 170
6 0.07911496 142 78 189 170
4 0.07476375 160 60 235 239
12 0.072406694 160 60 235 239
2 0.070052736 135 51 213 240
6 0.058599874 185 72 235 173
12 0.05804493 133 57 204 240
4 0.05777684 185 72 235 173
12 0.04630126 180 96 235 206
8 0.043609567 160 60 235 239
4 0.04235938 229 80 289 167
