6 0.19598892 126 23 195 224
6 0.1883938 163 30 230 214
7 0.14842726 128 36 198 240
6 0.14563368 178 72 229 167
12 0.13418055 140 69 192 175
2 0.12952067 148 87 195 213
6 0.1244284 140 69 192 175
12 0.12057623 128 36 198 240
7 0.10991506 162 51 235 240
4 0.10231242 128 36 198 240
2 0.083186015 178 72 229 167
7 0.08098389 148 87 195 213
4 0.07615419 178 72 229 167
2 0.07160499 183 95 235 206
7 0.07155816 178 72 229 167
4 0.07115724 140 69 192 175
7 0.06942494 183 95 235 206
12 0.06668995 162 51 235 240
4 0.066449255 163 30 230 214
12 0.06404351 178 72 229 167
7 0.060410842 99 69 229 238
