2 0.23564647 186 98 234 204
7 0.06309799 181 18 237 232
2 0.058053467 224 94 277 210
6 0.055879522 181 18 237 232
2 0.055313915 181 18 237 232
7 0.042927112 186 98 234 204
2 0.025599128 139 91 185 214
2 0.019679032 92 99 137 209
7 0.014545906 224 94 277 210
7 0.013891091 212 65 288 228
12 0.013418813 169 44 253 194
2 0.011723056 278 96 320 214
6 0.011661393 186 98 234 204
6 0.011420631 214 33 279 220
7 0.011254712 142 62 259 240
2 0.0110267885 119 72 205 238
4 0.010899878 181 18 237 232
12 0.010448438 186 98 234 204
2 0.008976693 0 0 320 174
2 0.008823867 51 100 95 210
7 0.008436605 163 0 259 176
