12 0.14280751 184 96 235 206
6 0.085290365 184 96 235 206
7 0.07027318 164 89 235 220
20 0.07008582 164 89 235 220
13 0.06630755 164 89 235 220
2 0.049393054 164 89 235 220
12 0.034608234 154 80 252 221
6 0.026299627 154 80 252 221
8 0.020880131 184 96 235 206
6 0.01912293 176 73 232 172
16 0.016247196 164 89 235 220
12 0.015485389 176 73 232 172
18 0.014745294 164 89 235 220
4 0.013768685 164 89 235 220
6 0.013637409 131 75 194 164
11 0.01363001 164 89 235 220
6 0.013322124 140 95 192 207
12 0.011709901 284 104 319 197
6 0.010055616 284 104 319 197
10 0.009486594 184 96 235 206
12 0.008666402 229 98 278 204
19 0.00862702 164 89 235 220
