6 0.18421023 125 35 192 211
12 0.16209081 138 71 196 174
12 0.1556713 125 35 192 211
2 0.15356149 146 79 196 219
7 0.14422882 126 32 192 240
2 0.10652471 184 88 234 208
2 0.08868536 126 32 192 240
6 0.085962534 138 71 196 174
6 0.0756132 162 26 236 220
4 0.062143683 126 32 192 240
12 0.05966764 162 26 236 220
2 0.05844384 180 125 227 238
12 0.0561105 180 63 239 175
7 0.05274063 162 48 231 240
4 0.0503716 162 26 236 220
7 0.045757122 146 79 196 219
4 0.044367455 138 71 196 174
4 0.042276498 180 63 239 175
6 0.03566883 180 63 239 175
7 0.032565083 184 88 234 208
12 0.030867685 124 96 218 240
