2 0.29604548 143 92 185 218
2 0.15697399 179 93 228 212
2 0.14407182 124 67 191 240
7 0.095028676 114 101 195 240
2 0.054538205 169 55 233 240
2 0.05353634 93 95 150 216
7 0.050707106 141 131 181 240
4 0.05012815 124 67 191 240
7 0.049609274 78 102 159 240
2 0.04609906 223 96 283 207
8 0.045677572 124 67 191 240
12 0.04192428 133 63 198 240
7 0.03620318 169 55 233 240
7 0.036150225 92 66 230 240
2 0.03486656 270 99 320 209
2 0.03399048 76 62 158 240
6 0.03313887 124 67 191 240
2 0.030163134 208 47 293 240
8 0.027800746 169 55 233 240
7 0.027126603 178 133 229 238
8 0.026681956 121 149 187 240
