12 0.19164889 89 39 156 200
6 0.149733 121 34 184 214
6 0.12841111 91 38 157 210
12 0.096615955 123 30 192 202
2 0.094895355 137 72 180 169
12 0.08794392 137 72 180 169
6 0.08687186 137 43 179 142
7 0.074518286 121 34 184 214
4 0.07377888 91 38 157 210
7 0.07234618 91 38 157 210
7 0.06815713 137 72 180 169
12 0.058424324 67 13 173 230
4 0.05452647 137 72 180 169
7 0.0531726 95 94 146 198
2 0.051531874 91 38 157 210
7 0.044895455 67 13 173 230
4 0.043773014 121 34 184 214
2 0.042027663 121 34 184 214
6 0.04024956 190 81 237 166
