17 0.05521978 154 131 251 235
11 0.052937172 118 71 207 240
11 0.052806083 159 96 244 240
20 0.050979014 154 131 251 235
8 0.046733793 177 132 224 240
4 0.04507191 154 131 251 235
17 0.044375464 109 147 208 224
8 0.04384819 109 147 208 224
11 0.043501083 76 110 243 240
11 0.041579925 213 105 293 240
8 0.03649787 118 71 207 240
8 0.035437312 154 131 251 235
11 0.034674335 109 147 208 224
4 0.033451144 109 147 208 224
19 0.031167347 109 147 208 224
20 0.028502487 118 71 207 240
12 0.028135546 177 132 224 240
20 0.028045489 109 147 208 224
20 0.02798186 213 107 294 240
12 0.026760064 118 71 207 240
11 0.02599117 246 121 320 240
21 0.024995154 76 110 243 240
12 0.024510916 154 131 251 235
19 0.023817219 118 71 207 240
17 0.023541864 118 71 207 240
8 0.023316545 76 110 243 240
16 0.023024466 109 147 208 224
4 0.022879483 76 110 243 240
17 0.020215956 213 107 294 240
4 0.019503372 118 71 207 240
