8 0.12770309 144 79 179 159
6 0.059614535 129 66 194 174
6 0.05627457 144 79 179 159
8 0.050971497 129 66 194 174
8 0.044308234 185 79 218 157
4 0.034369525 144 79 179 159
8 0.026476879 161 56 232 182
6 0.025274975 161 56 232 182
20 0.021766467 144 79 179 159
4 0.017081775 126 41 195 196
12 0.016730668 144 79 179 159
11 0.013296196 144 79 179 159
8 0.01210264 186 109 219 187
6 0.011691747 149 51 186 131
20 0.010884984 126 41 195 196
6 0.010863646 185 79 218 157
2 0.010770725 144 79 179 159
4 0.010633537 152 42 246 192
8 0.009867964 142 114 184 183
11 0.009460039 126 41 195 196
4 0.008845112 185 79 218 157
10 0.008354774 144 79 179 159
11 0.0074685873 152 42 246 192
16 0.0073566847 126 41 195 196
8 0.0073274053 149 51 186 131
20 0.0068459725 185 79 218 157
7 0.006261614 129 66 194 174
