12 0.21908967 160 21 244 223
8 0.18188368 144 59 267 184
16 0.12728305 144 59 267 184
12 0.11471235 144 59 267 184
8 0.08396219 160 21 244 223
14 0.041186977 160 21 244 223
14 0.04083977 136 79 276 216
16 0.03934568 160 21 244 223
11 0.039013065 160 21 244 223
12 0.03705001 107 47 216 193
20 0.036473896 170 19 235 215
20 0.03623544 144 59 267 184
12 0.027393337 119 0 197 240
15 0.023657387 160 21 244 223
16 0.02044587 107 47 216 193
8 0.0198836 107 47 216 193
6 0.019233586 144 59 267 184
11 0.017995566 144 59 267 184
18 0.017213235 170 19 235 215
8 0.017031388 119 0 197 240
17 0.016099216 144 59 267 184
6 0.015883569 160 21 244 223
