20 0.36722124 123 0 214 240
20 0.12449968 149 34 251 205
21 0.064094186 130 24 199 211
16 0.051589064 123 0 214 240
7 0.045592885 123 0 214 240
21 0.032882277 170 19 228 212
7 0.03260083 70 32 249 200
21 0.032585755 70 32 249 200
10 0.029420877 70 32 249 200
16 0.028931115 149 34 251 205
10 0.028810067 123 0 214 240
8 0.028292153 115 18 215 221
16 0.022366429 126 17 199 156
20 0.021525193 131 14 196 168
8 0.021223744 149 34 251 205
4 0.019575648 130 24 199 211
13 0.019028163 130 24 199 211
7 0.01740179 162 23 238 223
17 0.016818741 130 24 199 211
