8 0.15880156 140 74 182 160
8 0.033800606 114 56 199 183
8 0.03182091 164 58 238 176
20 0.026713278 114 56 199 183
8 0.024336455 136 44 199 134
20 0.02103121 140 74 182 160
8 0.018631153 184 74 218 163
6 0.017079996 129 67 197 169
16 0.015120283 114 56 199 183
6 0.013947138 136 44 199 134
4 0.012743809 114 56 199 183
11 0.012163259 114 56 199 183
8 0.01158254 139 109 180 189
8 0.011440087 187 112 217 187
12 0.010969451 140 74 182 160
20 0.010636729 164 86 247 205
20 0.009638798 104 64 223 232
20 0.007645646 136 44 199 134
5 0.0072102235 140 74 182 160
7 0.006978308 114 56 199 183
20 0.0067594154 136 49 260 187
11 0.006755265 136 49 260 187
8 0.0065184194 104 64 223 232
18 0.0064182137 136 44 199 134
