8 0.24234879 163 38 242 202
8 0.22577316 133 16 206 215
5 0.13655058 163 42 235 197
8 0.11710257 171 68 227 167
8 0.1050156 142 72 191 163
5 0.076353006 131 44 199 196
5 0.06906193 171 68 227 167
5 0.047189243 142 72 191 163
7 0.03613886 0 21 58 217
19 0.028518248 0 21 58 217
8 0.027786607 0 0 59 200
5 0.024251498 0 0 57 190
16 0.021683656 0 21 58 217
20 0.02021032 0 21 58 217
18 0.01963381 0 0 59 200
7 0.01799503 131 44 199 196
16 0.015637925 142 72 191 163
12 0.015041703 0 21 58 217
21 0.015028175 0 21 58 217
4 0.014017048 0 21 58 217
