8 0.22842829 160 40 248 203
8 0.14589004 126 28 213 208
8 0.08081223 172 66 227 171
5 0.079648115 164 36 236 204
8 0.056792162 140 69 192 166
5 0.055079587 172 66 227 171
5 0.03061985 127 41 200 200
8 0.029656854 0 14 61 221
16 0.027450696 0 27 61 211
7 0.027099954 0 27 61 211
5 0.025194334 140 69 192 166
19 0.021416824 0 27 61 211
5 0.020087456 0 0 58 194
18 0.015719831 0 0 59 190
20 0.014561815 0 27 61 211
21 0.013563793 0 27 61 211
16 0.0135568455 140 69 192 166
7 0.012447205 127 41 200 200
16 0.012339522 126 28 213 208
6 0.012102398 0 27 61 211
