8 0.3260167 113 39 182 209
8 0.28050315 83 4 214 240
8 0.16046652 76 37 163 210
8 0.14303398 125 72 184 163
8 0.0846385 130 112 185 193
11 0.0544902 38 0 194 214
19 0.04740402 38 0 194 214
6 0.036142986 76 37 163 210
8 0.029533248 86 64 149 178
18 0.029195793 56 15 185 231
12 0.0278127 96 55 212 240
8 0.026283443 169 103 242 215
8 0.023379294 125 41 184 133
5 0.023267273 56 15 185 231
11 0.021835726 96 55 212 240
6 0.020434087 96 55 212 240
19 0.020403186 76 37 163 210
8 0.019362884 81 122 148 190
12 0.019302752 48 50 177 240
1 0.018703133 65 0 167 213
