6 0.22040042 147 73 180 165
6 0.20280986 172 41 214 141
6 0.124325156 178 76 211 160
6 0.10857 161 52 229 182
6 0.09967959 136 52 199 188
8 0.09073419 161 46 228 142
8 0.07478614 147 73 180 165
8 0.07308426 136 52 199 188
2 0.065566756 147 73 180 165
8 0.044207312 178 76 211 160
4 0.04263058 147 73 180 165
12 0.037331145 147 73 180 165
8 0.033209547 162 0 221 186
20 0.026678113 145 36 185 149
7 0.026184535 136 52 199 188
20 0.024104048 172 41 214 141
4 0.023623057 172 41 214 141
12 0.02192911 178 76 211 160
12 0.016785532 172 41 214 141
7 0.016495604 161 52 229 182
7 0.016259314 147 73 180 165
4 0.012744211 178 76 211 160
