8 0.089731164 114 45 195 197
8 0.08327118 70 0 236 240
15 0.053715773 37 0 197 188
11 0.04920564 48 0 192 180
1 0.044530887 48 0 192 180
19 0.038354434 18 0 212 221
10 0.03235937 48 0 192 180
17 0.03129488 48 0 192 180
8 0.025171837 69 34 163 207
8 0.025099441 119 113 191 199
8 0.025027692 167 102 248 215
11 0.019322746 91 55 241 195
18 0.017384982 37 0 197 188
16 0.015562907 48 0 192 180
8 0.014962829 129 80 280 240
19 0.01405345 67 0 166 203
6 0.013853049 69 34 163 207
6 0.013323981 31 0 199 240
