11 0.09776481 153 76 256 233
11 0.07934155 129 68 205 240
8 0.057185467 149 91 247 213
11 0.055498626 119 108 209 195
8 0.0457646 114 142 209 228
8 0.04407429 119 108 209 195
16 0.043121133 129 68 205 240
16 0.04005181 149 91 247 213
11 0.038734224 114 142 209 228
8 0.038368423 129 68 205 240
16 0.036469452 119 108 209 195
11 0.03069497 211 60 304 240
17 0.018164229 149 91 247 213
17 0.0168088 129 68 205 240
16 0.015872784 114 142 209 228
17 0.015565126 119 108 209 195
8 0.01390709 160 179 253 240
20 0.013766013 149 91 247 213
20 0.013456599 119 108 209 195
