20 0.07801613 112 143 202 239
11 0.0717397 98 101 234 240
20 0.07094313 154 135 246 240
8 0.0630848 112 143 202 239
4 0.03919899 98 101 234 240
11 0.036548197 158 93 248 228
12 0.036217537 112 143 202 239
16 0.035863124 98 101 234 240
20 0.033954557 98 101 234 240
17 0.03333614 112 143 202 239
20 0.03323029 207 140 301 239
21 0.032336004 98 101 234 240
11 0.031176897 220 96 295 240
11 0.027489629 112 143 202 239
12 0.025556523 170 124 231 240
12 0.025048792 98 101 234 240
8 0.02281406 154 135 246 240
12 0.022606954 224 131 281 240
16 0.022073759 112 143 202 239
4 0.021689953 112 143 202 239
17 0.021572609 98 101 234 240
