8 0.18625453 148 68 180 168
6 0.12092291 133 58 197 185
8 0.119124725 180 70 210 167
8 0.10849862 133 58 197 185
4 0.09634965 148 68 180 168
6 0.0841894 148 68 180 168
8 0.06654751 162 62 223 182
2 0.065342404 148 68 180 168
6 0.06514698 162 62 223 182
4 0.060366224 133 58 197 185
20 0.050166193 148 68 180 168
4 0.029869413 180 70 210 167
6 0.02980758 180 70 210 167
4 0.029552162 158 47 228 191
7 0.026976267 130 53 193 187
12 0.026010763 148 68 180 168
20 0.024663322 180 70 210 167
2 0.022810902 180 70 210 167
20 0.017599331 133 58 197 185
7 0.015426151 148 68 180 168
12 0.012900873 180 70 210 167
7 0.0123223085 158 47 228 191
8 0.009783346 182 111 217 187
