8 0.029589135 126 114 190 195
8 0.02138899 59 104 157 215
8 0.02131534 73 121 143 195
8 0.020446725 99 112 220 205
11 0.020068064 57 89 261 235
6 0.018862667 59 104 157 215
8 0.015877169 62 11 170 150
11 0.014415698 27 54 191 240
8 0.013691154 26 99 112 221
11 0.012227876 59 104 157 215
8 0.011877064 171 117 229 194
11 0.011125294 99 112 220 205
6 0.010442169 26 99 112 221
6 0.010211609 27 54 191 240
8 0.009043943 146 106 256 205
8 0.0085754385 127 89 188 160
4 0.0084129255 57 89 261 235
19 0.008315985 60 0 178 219
6 0.00821246 73 121 143 195
8 0.007908502 82 65 244 240
8 0.007734278 76 75 143 177
8 0.0072383606 80 148 140 227
