8 0.16828464 145 63 179 177
8 0.13120817 179 63 208 177
6 0.09369785 133 67 196 178
8 0.0885245 159 69 226 177
6 0.067926 159 69 226 177
4 0.051050555 145 63 179 177
2 0.044463366 145 63 179 177
20 0.041472938 145 63 179 177
4 0.027921801 159 69 226 177
6 0.020462504 179 63 208 177
13 0.0201303 145 63 179 177
4 0.018940946 179 63 208 177
12 0.01832321 145 63 179 177
7 0.017667884 130 60 191 182
8 0.016140183 183 114 216 187
20 0.015773468 179 63 208 177
2 0.015126608 179 63 208 177
7 0.013290198 157 61 229 178
8 0.012598396 146 117 183 186
20 0.011769584 146 117 183 186
10 0.010778328 145 63 179 177
12 0.010300671 146 117 183 186
20 0.010223425 159 69 226 177
8 0.008810165 148 83 251 207
13 0.008621784 179 63 208 177
20 0.0077759614 148 83 251 207
