4 0.17236383 117 104 185 209
8 0.16229853 83 83 156 226
4 0.15354292 83 83 156 226
8 0.13659039 32 89 101 221
12 0.115634255 83 83 156 226
12 0.11405825 117 104 185 209
8 0.113045745 0 79 70 226
8 0.09857426 69 33 178 240
12 0.08617271 69 33 178 240
4 0.07356422 69 33 178 240
6 0.07040614 86 54 146 184
11 0.06049929 69 33 178 240
17 0.057587083 69 33 178 240
15 0.05342542 69 33 178 240
11 0.049901783 32 89 101 221
8 0.049227577 23 64 130 237
6 0.04581985 71 78 165 232
4 0.04534618 110 56 204 240
4 0.039265715 32 89 101 221
12 0.038608402 32 89 101 221
6 0.038526848 117 104 185 209
6 0.037589956 79 29 144 131
8 0.03676999 117 104 185 209
11 0.034435406 0 65 73 240
12 0.033898767 0 79 70 226
