8 0.19088581 109 47 193 204
8 0.14442262 67 34 173 216
8 0.14307591 51 0 249 240
19 0.06345491 20 0 219 240
11 0.057682507 20 0 219 240
11 0.057556085 68 29 175 223
19 0.038684085 68 29 175 223
11 0.034532297 98 56 228 202
6 0.030219281 20 0 219 240
19 0.029618291 98 56 228 202
14 0.028269537 51 0 249 240
18 0.023431359 59 35 182 204
13 0.02280284 59 35 182 204
6 0.02173191 67 34 173 216
13 0.019206895 20 0 219 240
8 0.016856385 119 105 207 240
12 0.01671247 25 57 202 240
18 0.016592423 20 0 219 240
15 0.016377937 20 0 219 240
1 0.016234756 59 35 182 204
