8 0.22392616 125 33 197 240
8 0.11754107 117 102 194 205
11 0.059216384 125 33 197 240
8 0.044420432 158 32 248 240
16 0.033430737 117 102 194 205
11 0.028825315 117 102 194 205
17 0.028276358 117 102 194 205
16 0.023313424 128 29 200 215
11 0.019661995 158 32 248 240
17 0.019519962 125 33 197 240
16 0.018561495 147 34 256 207
4 0.013390936 116 59 213 240
21 0.013256158 117 102 194 205
16 0.01147488 104 97 310 217
20 0.011471071 125 33 197 240
21 0.010786196 145 60 265 237
17 0.008876378 145 60 265 237
20 0.008868037 145 60 265 237
20 0.008617767 117 102 194 205
