8 0.16616283 140 77 180 161
8 0.09932444 131 67 197 173
6 0.0881352 131 67 197 173
6 0.056087445 140 77 180 161
8 0.044761486 165 52 235 186
8 0.035726167 183 79 220 160
6 0.029072668 165 52 235 186
4 0.017870177 140 77 180 161
8 0.015750771 141 50 185 135
8 0.01494633 186 112 217 188
12 0.014151408 140 77 180 161
6 0.014008001 141 50 185 135
4 0.013253492 120 47 199 191
8 0.013009386 142 114 181 184
11 0.011584106 120 47 199 191
2 0.011066169 140 77 180 161
11 0.01078667 140 77 180 161
20 0.010690996 140 77 180 161
16 0.010239493 120 47 199 191
20 0.009572204 120 47 199 191
16 0.008722076 140 77 180 161
11 0.007286881 149 44 248 190
4 0.007279411 149 44 248 190
20 0.007014638 157 84 251 208
6 0.0067356187 147 56 258 236
