8 0.19750851 139 80 176 156
8 0.1170971 130 70 196 172
8 0.031692967 167 56 236 181
8 0.02494853 184 79 220 160
8 0.018573487 140 112 180 185
6 0.018498465 130 70 196 172
8 0.01659803 134 48 198 135
6 0.016287725 139 80 176 156
8 0.013597372 185 112 218 188
20 0.012465704 119 56 196 182
20 0.012344424 139 80 176 156
5 0.009608232 139 80 176 156
8 0.009477743 202 52 291 186
12 0.008953292 139 80 176 156
8 0.008094417 110 71 214 225
4 0.008084943 139 80 176 156
6 0.007541204 134 48 198 135
4 0.007453313 119 56 196 182
16 0.0072197476 119 56 196 182
8 0.0059135063 232 88 265 155
6 0.0053425943 167 56 236 181
2 0.005254206 139 80 176 156
8 0.0052014724 144 60 260 234
8 0.0050057964 113 10 203 168
