8 0.34389457 156 35 259 204
20 0.17766212 165 8 248 230
8 0.09333698 212 22 293 223
16 0.08705351 165 8 248 230
11 0.049958844 165 8 248 230
16 0.039815377 121 41 287 205
4 0.038309455 165 28 259 221
8 0.03233807 116 1 214 240
12 0.02982579 165 28 259 221
20 0.027723376 213 18 291 227
16 0.026278248 213 18 291 227
11 0.020965507 121 41 287 205
20 0.020587215 84 0 239 240
17 0.020115694 165 28 259 221
21 0.019057246 165 28 259 221
8 0.01884897 169 89 229 222
8 0.018688349 170 10 237 177
4 0.017517518 213 18 291 227
