8 0.34356996 197 84 298 223
8 0.15166247 207 108 279 204
16 0.101030484 197 84 298 223
20 0.03946275 197 84 298 223
17 0.038021497 197 84 298 223
8 0.030811625 169 66 258 235
11 0.025168497 207 108 279 204
16 0.02054487 169 66 258 235
8 0.018680561 209 68 277 165
16 0.017470703 207 108 279 204
20 0.015698751 169 66 258 235
20 0.01410526 207 108 279 204
17 0.013477588 209 68 277 165
17 0.012166109 207 108 279 204
20 0.011729114 177 98 241 206
17 0.011619435 169 66 258 235
19 0.010314233 197 84 298 223
8 0.008632408 177 98 241 206
16 0.008293247 177 98 241 206
17 0.007746629 177 98 241 206
