8 0.30227184 144 59 174 174
8 0.10795127 131 65 192 176
6 0.07030205 144 59 174 174
6 0.068165936 131 65 192 176
4 0.06630478 144 59 174 174
8 0.054153994 179 60 212 172
8 0.039940253 140 29 177 143
6 0.03787864 140 29 177 143
4 0.035642754 131 65 192 176
20 0.031410314 144 59 174 174
12 0.023304781 144 59 174 174
8 0.023169063 184 109 214 189
20 0.02195358 131 65 192 176
8 0.020656513 154 47 235 194
6 0.017679552 154 47 235 194
7 0.014514012 120 54 194 184
4 0.013000003 140 29 177 143
4 0.011371341 114 0 195 180
20 0.011281363 140 29 177 143
8 0.011271011 144 106 178 190
7 0.009850675 144 59 174 174
20 0.009750993 154 47 235 194
2 0.0083569465 144 59 174 174
12 0.008316063 140 29 177 143
6 0.008306432 179 60 212 172
4 0.008159316 145 38 245 195
4 0.008134689 179 60 212 172
