8 0.38906255 82 80 160 224
8 0.26152256 111 92 191 214
12 0.22432421 74 84 158 215
8 0.15020928 75 0 171 240
12 0.14404388 114 74 184 225
11 0.12443304 67 42 155 193
16 0.09145835 113 54 195 196
12 0.08105439 89 0 157 240
16 0.07870952 77 29 168 215
6 0.07552623 67 42 155 193
19 0.074064724 67 42 155 193
4 0.07121363 111 92 191 214
6 0.06302782 104 40 192 192
11 0.06056445 104 40 192 192
8 0.05569916 31 74 111 236
11 0.053289972 75 0 171 240
19 0.0530421 113 54 195 196
14 0.04526898 82 80 160 224
