19 0.08652865 52 32 185 209
11 0.08375352 55 15 187 237
8 0.079670176 62 28 169 222
8 0.06403731 106 36 195 218
13 0.06272146 52 32 185 209
8 0.042464714 116 105 204 197
14 0.037007455 52 32 185 209
18 0.036753673 52 32 185 209
8 0.035642013 26 0 209 240
19 0.031298313 93 36 234 222
11 0.027871752 93 36 234 222
2 0.024508264 26 0 209 240
6 0.024377473 26 0 209 240
6 0.024066327 62 28 169 222
13 0.023829866 81 0 225 240
8 0.021764696 170 103 239 203
8 0.019218363 61 114 166 191
10 0.017431282 52 32 185 209
4 0.016285928 52 32 185 209
