4 0.2192664 120 109 187 203
12 0.16375808 120 109 187 203
4 0.116751574 89 92 153 215
8 0.10947801 89 92 153 215
8 0.10842549 36 92 104 222
12 0.099932455 89 92 153 215
12 0.07633213 76 34 172 240
17 0.05716729 76 34 172 240
15 0.053641073 18 93 134 240
8 0.053471025 120 109 187 203
15 0.051563874 76 34 172 240
4 0.05092049 122 75 186 169
8 0.048363794 23 64 136 239
6 0.048019983 85 62 154 177
12 0.046082955 115 62 201 237
8 0.04420481 76 34 172 240
4 0.04085909 115 62 201 237
8 0.040797077 1 83 69 222
12 0.040169872 36 92 104 222
17 0.037671052 27 85 191 231
4 0.037622258 76 34 172 240
6 0.03759897 75 32 149 128
12 0.037252955 122 75 186 169
8 0.033008866 38 51 110 183
11 0.031919736 76 34 172 240
