19 0.29932064 104 45 213 240
8 0.08434009 114 75 201 226
20 0.08391301 114 75 201 226
8 0.08275496 214 83 293 240
19 0.08245629 54 84 251 217
8 0.059110414 173 93 249 240
12 0.045208804 214 83 293 240
8 0.0380253 95 25 219 240
20 0.037402675 214 83 293 240
19 0.031851906 51 35 182 240
20 0.031070882 95 25 219 240
12 0.02769146 114 75 201 226
15 0.026805041 95 25 219 240
19 0.02407848 73 99 170 202
16 0.023102783 114 75 201 226
8 0.022927726 73 125 160 240
11 0.021898543 198 77 313 240
20 0.021559147 173 93 249 240
