8 0.2465635 142 77 179 161
8 0.14452069 130 65 198 177
8 0.04830323 166 49 236 188
8 0.039353404 185 75 219 165
6 0.033740867 130 65 198 177
8 0.02829147 140 48 184 137
6 0.023067089 142 77 179 161
2 0.015402343 142 77 179 161
20 0.014515252 142 77 179 161
8 0.012566542 187 110 217 189
8 0.011877057 144 114 182 183
4 0.010935813 142 77 179 161
6 0.01063565 166 49 236 188
5 0.010616704 142 77 179 161
20 0.0098459525 119 56 198 181
12 0.009723101 142 77 179 161
8 0.008362045 175 52 218 132
4 0.008053328 119 56 198 181
8 0.0075183134 200 50 293 188
6 0.0069672964 140 48 184 137
5 0.0066187796 119 56 198 181
7 0.006372944 119 56 198 181
16 0.005951886 115 14 202 167
16 0.00582228 142 77 179 161
20 0.0057843574 157 83 252 209
8 0.0051682247 230 86 264 159
8 0.0051220125 115 14 202 167
