8 0.17108153 148 69 180 174
6 0.11934929 131 74 197 174
8 0.077668674 182 64 211 178
8 0.07418601 131 74 197 174
6 0.06425814 157 73 229 176
4 0.058605075 148 69 180 174
6 0.05817161 148 69 180 174
8 0.05053447 157 73 229 176
4 0.04365942 131 74 197 174
4 0.03533689 157 73 229 176
20 0.0326351 148 69 180 174
2 0.020827733 148 69 180 174
8 0.01887911 184 108 215 191
8 0.01729953 148 114 182 188
20 0.01713883 148 114 182 188
4 0.017130755 182 64 211 178
20 0.016562136 131 74 197 174
6 0.014520177 135 37 197 145
20 0.014411925 148 82 248 211
16 0.013021282 131 74 197 174
8 0.012843762 148 82 248 211
6 0.012428186 182 64 211 178
12 0.01203925 148 69 180 174
7 0.011704843 131 74 197 174
10 0.011043839 148 69 180 174
6 0.010250216 169 41 228 145
4 0.009813091 125 0 196 184
12 0.009499219 148 114 182 188
4 0.009389384 150 69 253 224
