6 0.20019919 147 80 180 154
6 0.13980027 179 50 211 129
6 0.1343477 149 49 183 132
6 0.13092656 169 32 227 151
6 0.11202535 140 38 198 195
2 0.101154916 147 80 180 154
8 0.09524561 147 80 180 154
8 0.08083372 179 50 211 129
4 0.07155019 147 80 180 154
6 0.07037899 178 81 212 153
8 0.06262638 178 81 212 153
8 0.056959964 140 38 198 195
8 0.053227186 149 49 183 132
8 0.04437945 169 32 227 151
4 0.037468057 179 50 211 129
4 0.03534933 178 81 212 153
7 0.03098287 132 35 196 200
4 0.026496135 140 38 198 195
2 0.024404684 178 81 212 153
4 0.022840546 149 49 183 132
2 0.020818138 179 50 211 129
13 0.019501917 147 80 180 154
4 0.019107262 164 35 227 193
2 0.018403346 149 49 183 132
7 0.01727051 147 80 180 154
12 0.014548173 147 80 180 154
4 0.014316181 116 3 207 180
7 0.013653176 160 30 230 196
