8 0.16600834 130 30 206 203
8 0.12780885 148 76 186 160
8 0.12485693 167 42 239 197
8 0.096154764 180 71 221 164
5 0.06554056 162 36 238 208
5 0.051637493 180 71 221 164
5 0.04306999 148 76 186 160
5 0.041913882 130 33 200 210
8 0.031222872 0 13 60 225
18 0.030916026 0 0 57 197
7 0.03077138 0 16 55 221
19 0.024350464 0 0 57 197
8 0.022310043 183 40 217 131
5 0.021904018 0 0 56 189
14 0.02040701 148 76 186 160
5 0.01959745 108 0 216 180
8 0.017335394 147 48 185 124
7 0.016172962 130 33 200 210
20 0.015401788 0 16 55 221
6 0.013513996 0 16 55 221
