17 0.051771093 148 138 254 234
11 0.04502674 160 84 240 240
19 0.043230746 114 150 203 222
11 0.03936464 80 88 240 240
8 0.03633285 114 150 203 222
20 0.035197508 148 138 254 234
12 0.035011068 148 138 254 234
12 0.03467936 172 133 226 240
8 0.03448435 148 138 254 234
17 0.032588407 114 150 203 222
12 0.030250939 116 73 210 240
12 0.029321734 114 150 203 222
11 0.028174752 243 134 320 240
4 0.026735516 148 138 254 234
16 0.02576467 114 150 203 222
11 0.025661262 114 150 203 222
17 0.025576416 116 73 210 240
16 0.02352896 148 138 254 234
21 0.022712206 80 88 240 240
8 0.021330697 116 73 210 240
8 0.020827876 172 133 226 240
4 0.0203575 114 150 203 222
20 0.018559657 114 150 203 222
11 0.01495302 203 122 298 240
19 0.014133806 116 73 210 240
11 0.013523584 172 133 226 240
