8 0.29224327 140 74 175 157
8 0.16945687 124 48 200 187
8 0.044173464 131 43 181 133
20 0.03395246 120 54 193 180
20 0.030894596 140 74 175 157
8 0.02353069 180 68 215 162
8 0.019464837 161 25 242 209
12 0.014940188 140 74 175 157
8 0.014625949 184 100 212 195
8 0.013716159 140 104 179 188
6 0.013258499 124 48 200 187
7 0.010833307 120 54 193 180
20 0.009732965 131 43 181 133
4 0.009412107 120 54 193 180
6 0.009313758 140 74 175 157
12 0.008794221 120 54 193 180
11 0.00852385 120 54 193 180
20 0.0073283073 159 66 246 226
5 0.0071987417 120 54 193 180
8 0.006764617 172 46 225 128
6 0.0066133416 131 43 181 133
11 0.0066062114 140 74 175 157
16 0.0062645776 120 54 193 180
12 0.0059086643 150 54 252 235
4 0.005789443 140 74 175 157
