11 0.23149945 164 67 236 229
11 0.22408187 215 82 302 225
11 0.13081367 246 86 320 217
4 0.09050218 150 103 254 206
11 0.085906155 141 126 260 238
8 0.07730276 150 103 254 206
11 0.07466349 130 52 196 240
17 0.073821135 164 67 236 229
16 0.07317106 150 103 254 206
8 0.06440166 172 122 225 192
11 0.058112375 115 103 221 204
16 0.0557257 209 81 304 219
17 0.05191201 141 126 260 238
20 0.043876056 209 81 304 219
6 0.042321954 150 103 254 206
17 0.04072245 209 81 304 219
8 0.03793378 114 132 208 234
17 0.03642098 114 132 208 234
16 0.035898205 114 132 208 234
19 0.03449502 178 41 318 240
19 0.034153983 114 132 208 234
17 0.03287448 130 52 196 240
16 0.032393195 246 86 320 217
