19 0.049463578 115 139 202 230
17 0.043341678 162 138 245 229
17 0.0421689 115 139 202 230
8 0.036345568 115 139 202 230
11 0.036325168 250 125 320 240
11 0.028173395 115 139 202 230
4 0.024191651 115 139 202 230
11 0.023793887 88 116 241 240
19 0.023119217 162 138 245 229
4 0.022345392 162 138 245 229
11 0.02165884 217 113 290 240
8 0.021265198 169 141 230 235
11 0.021207612 162 138 245 229
17 0.019289985 88 116 241 240
4 0.018019432 88 116 241 240
20 0.017962229 162 138 245 229
12 0.017783638 115 139 202 230
12 0.017760422 250 125 320 240
17 0.017543277 217 113 290 240
8 0.016845342 88 116 241 240
12 0.015664736 169 141 230 235
20 0.015174609 217 113 290 240
20 0.014380876 115 139 202 230
8 0.013328763 153 79 244 240
16 0.013264144 115 139 202 230
12 0.013243868 217 113 290 240
19 0.01224749 217 113 290 240
