8 0.30674487 196 81 295 224
8 0.12282867 207 104 277 203
16 0.09784878 196 81 295 224
20 0.045311887 196 81 295 224
17 0.03002129 196 81 295 224
8 0.027748525 169 65 257 235
11 0.022960018 207 104 277 203
16 0.019645337 169 65 257 235
8 0.016905086 209 70 277 165
20 0.016888978 207 104 277 203
16 0.016160715 207 104 277 203
20 0.016054425 169 65 257 235
20 0.011744679 176 102 238 203
19 0.011272886 196 81 295 224
17 0.010307016 209 70 277 165
17 0.010225377 207 104 277 203
19 0.009826007 207 104 277 203
8 0.009648409 176 102 238 203
17 0.009014273 169 65 257 235
20 0.008771738 209 139 289 231
16 0.007943933 176 102 238 203
17 0.0066636023 176 102 238 203
11 0.006598558 196 81 295 224
