8 0.3227036 133 85 205 213
8 0.12807219 167 99 238 203
16 0.08456723 133 85 205 213
8 0.060607944 133 60 180 191
16 0.05551921 115 52 193 240
20 0.053224187 133 85 205 213
6 0.047314297 118 79 203 222
16 0.036654025 167 99 238 203
20 0.03371717 167 99 238 203
8 0.028605703 115 52 193 240
12 0.028442672 155 75 240 227
12 0.027903289 118 79 203 222
11 0.024344869 155 75 240 227
8 0.021451756 170 133 246 227
11 0.021388264 118 79 203 222
20 0.020421367 115 52 193 240
5 0.020338075 118 79 203 222
6 0.016531678 155 75 240 227
21 0.015619401 118 79 203 222
16 0.015600538 152 57 235 240
8 0.015245891 179 126 221 240
