6 0.2110816 137 23 185 228
7 0.19056547 132 21 190 221
12 0.13496268 183 109 207 200
12 0.09338166 182 137 211 228
12 0.0908086 141 94 173 209
6 0.083851635 137 56 173 193
12 0.0818328 129 45 187 240
20 0.06680567 137 56 173 193
12 0.065088056 174 77 229 219
12 0.054638278 162 118 242 240
2 0.042628404 137 56 173 193
8 0.041546196 141 94 173 209
8 0.040594127 137 23 185 228
6 0.0380935 167 76 230 236
13 0.038023204 132 21 190 221
10 0.037049074 132 21 190 221
2 0.03610031 137 23 185 228
13 0.034066144 137 56 173 193
4 0.02606801 132 21 190 221
20 0.024659086 132 21 190 221
