12 0.37760976 154 98 273 195
12 0.28621727 180 82 245 220
12 0.25551403 208 66 283 238
8 0.06812032 176 89 311 207
12 0.060121942 183 58 303 185
2 0.035007346 154 98 273 195
11 0.034686036 154 98 273 195
11 0.028052617 180 82 245 220
12 0.026260678 184 62 229 179
14 0.025450304 176 89 311 207
20 0.02346349 176 89 311 207
20 0.018964758 217 76 273 227
11 0.01774825 208 66 283 238
20 0.017283073 175 85 242 216
12 0.016945153 221 66 268 178
7 0.016843967 176 89 311 207
12 0.016321309 115 88 220 211
8 0.013362852 208 66 283 238
8 0.012842841 180 82 245 220
12 0.012536206 136 43 198 240
2 0.012489623 180 82 245 220
6 0.011668595 154 98 273 195
