8 0.20487136 38 0 263 240
8 0.19511011 103 48 196 195
8 0.15368819 69 34 164 212
11 0.13740577 61 44 180 205
11 0.09511718 89 71 235 185
19 0.08802549 22 0 218 240
19 0.061739106 62 40 179 203
10 0.0525221 62 40 179 203
11 0.05087678 22 0 218 240
13 0.030329686 62 40 179 203
6 0.029239587 22 0 218 240
10 0.028560905 22 0 218 240
6 0.02834072 69 34 164 212
19 0.027936013 89 71 235 185
13 0.024568371 22 0 218 240
15 0.023858977 22 0 218 240
18 0.021125618 62 40 179 203
14 0.02042803 62 40 179 203
18 0.019451886 22 0 218 240
17 0.019404316 22 0 218 240
12 0.01869746 26 58 199 240
8 0.017979007 170 107 236 202
