8 0.22886308 120 85 205 223
16 0.17144641 115 78 201 228
8 0.16460794 137 97 185 219
20 0.097163066 115 78 201 228
12 0.05297226 115 78 201 228
6 0.043801766 120 85 205 223
8 0.0427178 179 139 220 236
8 0.039039772 160 128 250 236
7 0.0351115 115 78 201 228
20 0.034975223 137 97 185 219
16 0.03307668 160 128 250 236
11 0.03224404 115 78 201 228
17 0.029864239 115 78 201 228
8 0.026954165 175 97 218 212
12 0.026497306 137 97 185 219
4 0.02369438 119 57 194 240
19 0.023243451 120 85 205 223
12 0.01982265 160 128 250 236
5 0.01878879 115 78 201 228
12 0.018269131 179 139 220 236
11 0.0178958 160 128 250 236
