8 0.35646325 73 53 174 185
8 0.18642902 114 94 204 203
4 0.13468686 111 73 201 170
19 0.09790221 97 55 206 177
8 0.084981024 109 11 218 229
19 0.084004946 73 54 161 179
12 0.078389384 111 73 201 170
4 0.062347814 73 54 161 179
8 0.060660206 30 72 107 237
6 0.055552416 97 55 206 177
4 0.052430443 109 11 218 229
11 0.052341845 81 12 175 229
11 0.05138312 73 54 161 179
14 0.051008523 76 90 165 212
12 0.047383595 71 84 160 211
8 0.04646647 77 128 158 240
6 0.03947418 73 54 161 179
16 0.038674098 111 73 201 170
