19 0.07638962 49 0 199 190
8 0.06893584 112 71 195 184
8 0.06707845 69 51 159 201
11 0.059926562 25 0 206 219
8 0.030850478 40 0 190 173
15 0.029343441 40 0 190 173
2 0.025554823 103 80 217 231
1 0.024888631 49 0 199 190
8 0.02462289 56 113 163 192
8 0.022743968 93 48 220 203
11 0.022460375 62 0 165 177
8 0.022315444 163 105 242 199
2 0.02210206 48 1 178 240
6 0.021432687 58 88 164 230
8 0.019538864 107 0 200 130
18 0.019134028 40 0 190 173
14 0.018444523 40 0 190 173
16 0.01831839 49 0 199 190
