11 0.055475198 137 0 274 240
16 0.05384044 119 0 292 237
8 0.050015982 141 0 283 236
19 0.03293297 137 0 274 240
15 0.03135566 137 0 274 240
20 0.02676514 137 0 274 240
4 0.026156474 137 0 274 240
5 0.02026732 137 0 274 240
9 0.014543743 119 0 292 237
7 0.013417513 141 0 283 236
17 0.010974506 137 0 274 240
18 0.010694764 137 0 274 240
21 0.010549029 119 0 292 237
14 0.010048742 119 0 292 237
20 0.0098222215 165 0 250 151
12 0.0093839485 137 0 274 240
4 0.008635347 165 0 250 151
6 0.00851959 137 0 274 240
