8 0.22246473 123 102 199 209
20 0.10393879 109 77 214 231
20 0.08530553 123 102 199 209
8 0.08213032 109 77 214 231
19 0.08116317 123 102 199 209
12 0.079417095 216 117 283 240
11 0.071767144 199 114 304 240
8 0.070837714 64 149 171 229
19 0.06869017 109 77 214 231
8 0.063412264 172 122 243 240
8 0.062091395 216 117 283 240
16 0.061565556 123 102 199 209
20 0.053673707 216 117 283 240
12 0.04907981 109 77 214 231
16 0.04554906 109 77 214 231
12 0.04245803 123 102 199 209
20 0.039264563 155 67 244 238
19 0.031351715 47 86 264 217
11 0.030685851 109 77 214 231
12 0.030500293 155 67 244 238
