8 0.24687359 141 77 177 161
8 0.13534386 129 64 196 179
8 0.03960073 168 49 235 189
8 0.028737387 184 73 219 167
8 0.025550239 137 51 183 131
20 0.014838056 141 77 177 161
8 0.013471269 143 108 180 186
6 0.011656815 129 64 196 179
8 0.010694048 186 107 216 192
6 0.010272659 141 77 177 161
5 0.0098469425 141 77 177 161
20 0.009736292 119 51 193 184
8 0.008829789 204 47 289 191
2 0.008726653 141 77 177 161
12 0.008429057 141 77 177 161
5 0.0059658904 119 51 193 184
8 0.0059200595 176 53 216 129
8 0.005747236 112 15 203 160
4 0.0057455683 141 77 177 161
16 0.0052705985 119 51 193 184
