8 0.44049767 119 44 196 192
8 0.107899606 127 68 184 167
16 0.059762936 113 36 207 199
11 0.05753116 119 44 196 192
11 0.03719636 127 68 184 167
17 0.035228193 117 65 196 187
8 0.03210455 159 30 239 218
16 0.027048433 127 68 184 167
8 0.02185613 103 107 215 203
4 0.018995162 113 36 207 199
8 0.016541623 94 134 226 239
8 0.015420916 125 134 182 228
20 0.015032498 117 65 196 187
8 0.011214186 124 101 178 195
16 0.008224495 148 16 254 217
11 0.0072026807 159 30 239 218
6 0.0070815245 127 68 184 167
8 0.006873893 166 52 220 187
