8 0.10118329 76 73 154 228
8 0.10097592 53 32 182 240
8 0.10017994 110 97 187 211
8 0.096198365 36 83 96 222
11 0.07020763 53 32 182 240
11 0.060915776 36 83 96 222
4 0.05869168 110 97 187 211
16 0.05062599 31 54 105 188
17 0.0464189 97 40 208 240
11 0.045648567 20 16 111 216
17 0.044528462 110 97 187 211
12 0.042326402 109 65 188 238
11 0.038299683 76 73 154 228
12 0.038038768 53 32 182 240
6 0.03566625 109 65 188 238
11 0.034875855 110 97 187 211
8 0.03434476 12 69 138 231
17 0.033156864 48 93 180 223
15 0.032261614 48 93 180 223
6 0.03162826 76 24 147 132
6 0.030982357 31 54 105 188
16 0.027700478 110 97 187 211
4 0.027496193 97 40 208 240
