8 0.2531071 150 28 258 212
20 0.12896067 157 29 259 218
11 0.08121646 157 29 259 218
16 0.062241316 164 13 243 224
19 0.036661945 157 29 259 218
8 0.028391767 219 26 285 220
8 0.027054347 106 16 220 230
4 0.023231015 157 29 259 218
8 0.021267278 179 35 232 210
21 0.020561432 164 13 243 224
17 0.020269543 157 29 259 218
16 0.018680822 128 35 272 214
13 0.017249983 157 29 259 218
12 0.014990953 157 29 259 218
11 0.014752183 106 16 220 230
20 0.013444532 91 15 237 225
8 0.013439757 223 32 279 147
3 0.013373248 157 29 259 218
