8 0.47707424 128 54 202 192
8 0.116402246 160 99 244 198
16 0.11582039 117 55 199 186
8 0.06923636 182 96 212 195
8 0.045956224 149 45 251 190
20 0.042510852 117 55 199 186
8 0.039946593 138 84 179 208
6 0.036002368 117 55 199 186
20 0.03524132 160 99 244 198
11 0.030139932 164 88 239 206
16 0.027986877 160 99 244 198
8 0.027138362 177 64 221 167
5 0.024707269 117 55 199 186
12 0.023032278 164 88 239 206
16 0.02122749 84 26 249 215
21 0.020638736 116 64 196 240
12 0.020306027 117 55 199 186
4 0.019768404 116 33 197 216
