8 0.08948708 119 59 190 240
11 0.073928274 119 59 190 240
16 0.037796162 122 36 186 217
8 0.026905397 112 107 205 189
17 0.026304698 115 99 198 214
16 0.023480058 160 39 245 208
16 0.018505367 112 107 205 189
8 0.015242762 160 39 245 208
11 0.012545239 76 42 155 240
16 0.01216614 95 73 221 231
11 0.011816782 112 107 205 189
16 0.011094254 122 68 196 165
20 0.010902923 119 59 190 240
21 0.010592938 115 99 198 214
8 0.0102407215 122 68 196 165
8 0.008987644 103 118 214 240
16 0.0087533435 128 62 295 186
6 0.008212565 112 107 205 189
20 0.007382417 137 38 263 209
