8 0.24221185 130 87 203 212
8 0.12941845 164 98 240 205
16 0.077602275 130 87 203 212
20 0.0497718 115 76 205 226
8 0.04976244 171 130 245 228
6 0.047968518 115 76 205 226
6 0.03394353 147 75 243 226
12 0.024157759 115 76 205 226
12 0.023809792 147 75 243 226
16 0.023058983 164 98 240 205
20 0.020065175 147 75 243 226
5 0.018650172 130 87 203 212
4 0.01787597 118 57 190 240
16 0.016382713 98 10 209 240
11 0.016208995 147 75 243 226
12 0.01617485 180 132 222 238
12 0.015474961 137 91 183 217
20 0.014869677 137 91 183 217
