8 0.11415382 57 22 182 240
8 0.10999314 75 81 160 224
8 0.10085642 32 91 100 217
11 0.068835214 57 22 182 240
8 0.054455403 105 96 193 214
4 0.05129704 105 96 193 214
11 0.04920524 32 91 100 217
12 0.04905425 110 70 189 237
8 0.041984294 16 69 134 231
12 0.04181379 57 22 182 240
17 0.040307693 57 22 182 240
6 0.03873565 110 70 189 237
6 0.03776607 79 25 145 133
11 0.034944594 75 81 160 224
15 0.03462035 57 22 182 240
6 0.033241715 28 62 107 180
11 0.02987404 22 20 106 213
16 0.029392816 32 91 100 217
8 0.026204264 0 83 71 223
4 0.026092878 95 40 213 240
6 0.025486717 59 70 173 240
17 0.025473723 105 96 193 214
6 0.023938239 72 53 160 184
