5 0.13047041 105 13 225 225
8 0.12321033 104 0 227 240
6 0.120906875 97 0 220 189
4 0.072133645 105 13 225 225
2 0.066062964 105 10 216 227
11 0.058924466 105 13 225 225
12 0.058040116 105 13 225 225
7 0.05353068 65 59 266 191
19 0.0532803 65 59 266 191
19 0.05155831 105 13 225 225
11 0.044757895 65 59 266 191
1 0.036501568 65 59 266 191
21 0.035399508 65 59 266 191
13 0.032950073 105 10 216 227
7 0.03254373 105 10 216 227
6 0.02213683 148 7 253 230
2 0.021443691 65 59 266 191
18 0.020155478 105 13 225 225
