19 0.12575097 111 138 211 230
11 0.06775885 245 110 320 240
11 0.066721015 216 57 296 240
17 0.062495153 111 138 211 230
8 0.058949936 111 138 211 230
19 0.057720628 152 133 253 236
17 0.05404666 152 133 253 236
12 0.053757828 251 123 320 240
11 0.04826378 121 89 204 240
11 0.046398845 91 121 237 240
17 0.0420106 216 114 298 240
16 0.03812125 111 138 211 230
11 0.035445474 152 133 253 236
21 0.034919344 91 121 237 240
12 0.030887308 216 114 298 240
8 0.030212257 152 133 253 236
16 0.029599806 152 133 253 236
19 0.028699394 216 114 298 240
12 0.027839115 111 138 211 230
19 0.027225614 251 123 320 240
17 0.026418446 251 123 320 240
20 0.026364744 152 133 253 236
