8 0.12787464 118 57 197 240
8 0.05315147 111 99 202 197
11 0.03614435 118 57 197 240
8 0.019072715 158 38 249 207
16 0.016833901 123 41 189 212
16 0.014006421 111 99 202 197
11 0.013981455 111 99 202 197
17 0.012585935 120 107 195 209
21 0.01111253 120 107 195 209
8 0.0104505485 104 125 215 240
16 0.009552142 158 38 249 207
20 0.009311647 125 27 199 221
20 0.008357511 120 107 195 209
11 0.007760092 68 39 161 240
6 0.007107395 111 99 202 197
4 0.0065565635 97 65 219 240
20 0.006552202 139 27 262 217
