6 0.13990925 147 76 181 156
2 0.12867382 147 76 181 156
6 0.126023 168 28 229 152
6 0.12272794 147 44 184 136
6 0.114706315 177 48 214 131
6 0.09676228 139 22 204 159
8 0.070229895 177 48 214 131
8 0.06354573 147 76 181 156
8 0.056135945 147 44 184 136
8 0.050078873 137 33 202 196
8 0.049343884 168 28 229 152
4 0.048452124 147 76 181 156
6 0.04334287 177 79 212 154
8 0.03425895 177 79 212 154
7 0.032512456 135 30 195 204
2 0.03189114 147 44 184 136
2 0.030037144 177 48 214 131
4 0.028694 177 48 214 131
4 0.021739809 147 44 184 136
2 0.020675007 137 33 202 196
2 0.020167012 177 79 212 154
4 0.018618407 177 79 212 154
4 0.018122202 137 33 202 196
13 0.017242149 147 76 181 156
4 0.016004164 158 7 229 171
12 0.01530945 147 76 181 156
20 0.013916513 147 44 184 136
7 0.013690225 147 76 181 156
7 0.013073275 158 7 229 171
