8 0.15203622 145 76 177 154
8 0.101094365 115 58 200 177
8 0.037957326 137 46 181 128
20 0.029180696 145 76 177 154
8 0.019713795 161 40 236 190
20 0.019071884 113 45 200 188
6 0.018472781 121 41 204 143
6 0.018467989 137 46 181 128
6 0.017672073 145 76 177 154
8 0.016180474 186 74 216 157
12 0.015360485 145 76 177 154
20 0.011398565 137 46 181 128
16 0.009476838 114 20 201 156
11 0.006739747 145 76 177 154
16 0.0064733503 145 76 177 154
7 0.006077185 113 45 200 188
4 0.0059396373 145 76 177 154
11 0.0059217387 113 45 200 188
12 0.005874602 137 46 181 128
8 0.0056819622 192 45 295 187
5 0.00554527 145 76 177 154
10 0.005357624 137 46 181 128
20 0.005253448 161 40 236 190
8 0.005247423 183 101 217 194
11 0.005187116 139 41 263 188
