12 0.34387788 164 42 240 203
16 0.20994973 141 64 271 181
12 0.17981103 141 64 271 181
8 0.12972875 141 64 271 181
11 0.062015545 164 42 240 203
16 0.06085893 164 42 240 203
20 0.060806725 141 64 271 181
8 0.04596144 175 27 233 209
20 0.038755655 175 27 233 209
11 0.031111153 141 64 271 181
14 0.030603131 143 81 270 214
12 0.025779385 101 51 227 187
12 0.025659194 122 6 195 229
16 0.02527225 101 51 227 187
14 0.024264488 164 42 240 203
6 0.019331645 141 64 271 181
15 0.018171227 164 42 240 203
6 0.015231675 164 42 240 203
17 0.015202443 141 64 271 181
12 0.013236667 80 0 150 233
20 0.011641991 101 51 227 187
