8 0.16824241 140 77 178 155
8 0.098047145 127 67 198 171
8 0.035179842 163 51 239 183
6 0.032027822 127 67 198 171
8 0.026880698 184 77 219 157
6 0.023221014 140 77 178 155
8 0.01600052 134 39 183 138
8 0.015256496 139 114 180 182
12 0.012767382 140 77 178 155
20 0.0123691615 140 77 178 155
8 0.012317455 186 110 218 186
4 0.012090941 118 53 195 184
5 0.011001288 140 77 178 155
6 0.01055482 163 51 239 183
4 0.010012436 140 77 178 155
20 0.0098468475 118 53 195 184
8 0.008803025 197 46 293 188
16 0.008652957 118 53 195 184
7 0.0073721614 118 53 195 184
11 0.00713498 118 53 195 184
5 0.006856514 118 53 195 184
16 0.006599284 140 77 178 155
8 0.006098528 107 71 216 223
2 0.006045624 140 77 178 155
6 0.0057669817 134 39 183 138
11 0.0057546245 140 77 178 155
4 0.0056725293 145 44 251 188
