8 0.32055008 122 49 191 195
11 0.09806108 122 49 191 195
17 0.049190428 116 55 194 197
16 0.03749489 116 55 194 197
8 0.029042218 103 104 216 206
11 0.015239143 73 6 156 234
8 0.014381027 172 40 231 207
6 0.014302976 118 72 189 168
8 0.013629829 86 140 232 239
8 0.011625058 118 137 186 221
8 0.011008061 115 162 197 240
11 0.010632269 36 58 188 195
16 0.010495937 68 117 249 240
11 0.009874182 104 65 215 237
16 0.009686548 172 40 231 207
4 0.008909272 103 31 213 210
20 0.008622383 103 31 213 210
21 0.008329453 118 72 189 168
