8 0.275434 130 93 202 211
8 0.09756387 160 97 238 211
8 0.071639284 175 100 214 210
20 0.06410297 130 93 202 211
16 0.060976837 130 93 202 211
8 0.05140278 173 132 242 230
6 0.044760708 118 80 202 223
16 0.037613705 118 57 188 240
5 0.029339967 130 93 202 211
12 0.02741582 118 80 202 223
12 0.026360685 148 74 243 228
6 0.02553976 148 74 243 228
20 0.025074169 148 74 243 228
20 0.023275888 118 57 188 240
4 0.021923251 118 57 188 240
12 0.01784342 178 131 223 239
12 0.016218567 135 91 182 221
16 0.01609521 160 97 238 211
