11 0.24974164 203 113 305 240
8 0.103869766 109 149 208 231
11 0.08582916 106 97 221 240
20 0.063061275 109 149 208 231
20 0.05541672 199 144 303 240
19 0.051007282 109 149 208 231
16 0.04999133 109 149 208 231
19 0.048822306 111 105 211 212
20 0.048584715 106 97 221 240
12 0.04683947 199 144 303 240
16 0.038153797 199 144 303 240
19 0.038029302 94 69 225 240
12 0.03669909 114 91 203 240
11 0.03642188 109 149 208 231
8 0.03639361 199 144 303 240
20 0.03382477 160 148 242 237
8 0.03177966 106 97 221 240
16 0.029189395 111 105 211 212
11 0.027883958 234 143 320 240
11 0.027630951 167 107 237 240
