11 0.046848625 113 82 206 240
19 0.041703682 114 148 206 230
11 0.03865363 79 112 251 240
20 0.03702585 150 135 255 240
20 0.036962308 114 148 206 230
11 0.03505823 204 129 299 240
11 0.034265373 150 135 255 240
16 0.03386731 114 148 206 230
17 0.027959425 114 148 206 230
8 0.026791438 114 148 206 230
12 0.024420809 114 148 206 230
16 0.02270929 79 112 251 240
20 0.022158422 204 129 299 240
19 0.019971244 79 112 251 240
12 0.019029675 79 112 251 240
17 0.018651644 79 112 251 240
17 0.018096305 150 135 255 240
12 0.017864665 225 140 278 238
16 0.017173264 150 135 255 240
12 0.017061576 204 129 299 240
11 0.0170332 246 132 320 240
4 0.01662284 79 112 251 240
19 0.015827255 111 106 224 206
4 0.015340013 114 148 206 230
11 0.015288109 158 59 238 240
8 0.015253112 79 112 251 240
4 0.01415495 150 135 255 240
