11 0.1597596 124 37 188 205
8 0.12135178 121 54 192 198
11 0.033995073 82 15 150 231
11 0.031177843 110 77 202 163
8 0.021336649 157 23 249 222
17 0.019337159 121 54 192 198
16 0.017513096 121 54 192 198
11 0.015470018 111 102 209 206
11 0.014654623 87 37 229 207
11 0.013870307 47 9 181 236
11 0.01336959 168 37 236 202
21 0.012390728 100 80 220 226
20 0.01181928 124 37 188 205
6 0.010973207 110 77 202 163
16 0.010557203 87 37 229 207
8 0.009824565 90 125 231 240
8 0.009695356 82 15 150 231
21 0.009120759 110 77 202 163
16 0.008749697 157 23 249 222
16 0.008002144 129 61 285 185
20 0.007984874 87 37 229 207
