8 0.05833601 110 45 198 205
8 0.054459326 70 30 166 219
11 0.052765794 22 0 215 240
19 0.04849724 66 0 175 240
8 0.0356656 65 0 239 240
13 0.02640362 48 31 187 209
1 0.02450702 48 31 187 209
11 0.024028316 70 30 166 219
19 0.023338499 93 39 236 218
14 0.023290858 48 31 187 209
2 0.02220311 22 0 215 240
6 0.020762451 70 30 166 219
11 0.020277651 93 39 236 218
18 0.020257926 48 31 187 209
14 0.019831482 65 0 239 240
8 0.017961202 164 105 241 204
6 0.017959725 22 0 215 240
21 0.016567854 66 0 175 240
15 0.014820357 22 0 215 240
17 0.01454955 66 0 175 240
