11 0.14617251 157 78 250 230
8 0.13655767 148 92 251 210
8 0.08271003 115 140 207 232
8 0.07306254 130 57 204 240
8 0.06925338 125 108 209 196
11 0.06924767 130 57 204 240
16 0.059123207 148 92 251 210
11 0.056472354 115 140 207 232
11 0.04841165 125 108 209 196
20 0.046490964 148 92 251 210
11 0.044235017 210 62 300 240
16 0.034782667 125 108 209 196
16 0.034645487 130 57 204 240
8 0.027574494 115 182 209 240
20 0.027192721 125 108 209 196
17 0.025073111 148 92 251 210
20 0.023199588 206 75 297 226
8 0.023025103 159 180 251 240
4 0.020073075 148 92 251 210
20 0.019727794 130 57 204 240
20 0.019631343 115 140 207 232
