8 0.48433954 164 109 265 198
12 0.24936433 167 86 249 223
8 0.24446125 182 98 305 209
12 0.2085672 200 61 282 240
12 0.12983502 182 98 305 209
8 0.060520846 200 61 282 240
8 0.045922313 173 66 242 236
11 0.045755778 167 86 249 223
8 0.044683345 146 66 272 180
14 0.031658974 167 86 249 223
11 0.030684147 182 98 305 209
11 0.030317606 200 61 282 240
20 0.029457096 182 98 305 209
20 0.026276894 164 109 265 198
14 0.026113236 182 98 305 209
16 0.023955466 164 109 265 198
12 0.023340391 146 66 272 180
17 0.02162769 161 82 242 225
14 0.019179353 200 61 282 240
16 0.016656438 182 98 305 209
2 0.015835555 182 98 305 209
14 0.013735941 146 66 272 180
