8 0.14441794 146 72 179 170
6 0.09882104 129 73 199 176
6 0.08665384 146 72 179 170
8 0.074310474 180 76 210 166
4 0.06727504 146 72 179 170
8 0.061868742 129 73 199 176
6 0.055687696 157 71 232 177
8 0.043126024 157 71 232 177
4 0.035675675 129 73 199 176
4 0.03108515 157 71 232 177
4 0.022286026 180 76 210 166
6 0.021824805 180 76 210 166
8 0.021434048 183 115 218 186
8 0.020796908 145 115 185 185
20 0.019662404 146 72 179 170
2 0.019160913 146 72 179 170
4 0.013058664 145 115 185 185
10 0.012661154 146 72 179 170
7 0.012464205 129 73 199 176
4 0.011976835 117 69 213 221
8 0.011320887 139 78 261 211
12 0.010889597 146 72 179 170
6 0.010669324 167 40 231 146
20 0.009366906 145 115 185 185
13 0.009050763 146 72 179 170
4 0.008938213 139 78 261 211
12 0.008628684 145 115 185 185
4 0.008516501 122 0 196 192
6 0.008374417 145 115 185 185
7 0.007732632 146 72 179 170
20 0.007671188 129 73 199 176
