11 0.07375429 69 3 172 240
8 0.056934368 69 28 163 220
8 0.055403605 108 41 198 208
19 0.050019465 26 0 212 240
13 0.0419539 45 37 188 204
11 0.03809188 96 31 232 227
8 0.03538622 71 0 234 240
6 0.03521658 69 28 163 220
13 0.02741765 71 0 234 240
18 0.024399031 45 37 188 204
6 0.023835294 26 0 212 240
2 0.022542518 26 0 212 240
1 0.021342453 45 37 188 204
19 0.02093809 96 31 232 227
8 0.02015073 165 102 243 207
19 0.019889573 69 28 163 220
17 0.016959243 69 3 172 240
6 0.016409727 108 41 198 208
8 0.015740825 57 114 168 194
10 0.015696617 45 37 188 204
