8 0.30828083 155 99 268 201
12 0.2551384 172 76 243 226
8 0.23040946 175 87 315 219
12 0.17189683 155 99 268 201
12 0.17017184 200 62 286 240
8 0.067713596 172 76 243 226
11 0.04664154 172 76 243 226
11 0.046065144 155 99 268 201
11 0.035534523 175 87 315 219
8 0.028259702 211 77 270 230
20 0.02661665 155 99 268 201
14 0.023523184 200 62 286 240
16 0.02274197 162 87 239 215
14 0.022293163 172 76 243 226
12 0.021409381 156 4 261 239
17 0.018382987 162 87 239 215
20 0.018330354 175 87 315 219
6 0.018073488 155 99 268 201
