8 0.292982 140 62 177 171
8 0.15233013 123 57 199 187
6 0.07551607 140 62 177 171
4 0.058485087 140 62 177 171
6 0.046631727 123 57 199 187
8 0.030379558 176 67 216 165
12 0.029417811 140 62 177 171
20 0.024439352 140 62 177 171
4 0.02363032 121 49 194 190
8 0.019925695 182 103 216 192
8 0.015930746 147 39 247 202
20 0.012855246 121 49 194 190
7 0.011464946 121 49 194 190
7 0.0113456175 140 62 177 171
8 0.009565034 142 103 184 192
2 0.009289339 140 62 177 171
12 0.0084159095 123 57 199 187
8 0.0069597806 223 106 259 193
16 0.006558279 140 62 177 171
5 0.00594552 140 62 177 171
6 0.0057883896 176 67 216 165
