8 0.1279438 122 45 197 240
8 0.07688222 122 108 193 205
11 0.032591045 122 45 197 240
16 0.020847077 126 47 188 205
8 0.017153947 160 59 244 240
17 0.015828907 122 108 193 205
8 0.015243854 127 61 188 175
11 0.01246381 122 108 193 205
21 0.011113266 122 108 193 205
16 0.011069942 157 38 248 208
17 0.010791641 122 45 197 240
20 0.009037939 135 68 268 234
20 0.0086052865 129 34 196 213
11 0.0081286235 160 59 244 240
16 0.007947443 110 61 214 240
16 0.007820868 109 104 309 211
4 0.0068764007 110 61 214 240
20 0.0067349714 122 108 193 205
13 0.00585061 182 0 229 112
21 0.0056678685 135 68 268 234
