8 0.22135286 205 75 290 230
16 0.0888542 205 75 290 230
20 0.08282324 205 75 290 230
8 0.054353025 207 108 281 197
20 0.030306702 176 57 252 240
20 0.02704733 207 108 281 197
8 0.02503114 176 57 252 240
17 0.021757957 200 100 291 204
16 0.021445904 176 57 252 240
16 0.020466419 207 108 281 197
11 0.016614558 207 108 281 197
19 0.011204063 205 75 290 230
8 0.010643735 212 64 279 176
11 0.010348298 205 75 290 230
19 0.008008641 207 108 281 197
17 0.0069612013 172 97 246 210
17 0.006252685 212 64 279 176
20 0.00610356 212 64 279 176
