8 0.18312958 145 66 181 168
8 0.14736621 136 42 198 194
2 0.11140972 145 66 181 168
8 0.108459175 176 69 209 167
6 0.09130241 136 42 198 194
8 0.082682975 160 48 223 187
6 0.08189896 145 66 181 168
4 0.06672877 145 66 181 168
6 0.051145453 160 48 223 187
20 0.042766053 145 66 181 168
7 0.036438014 135 56 194 182
6 0.03492369 177 39 211 143
4 0.03422949 136 42 198 194
2 0.0328667 176 69 209 167
4 0.021692878 176 69 209 167
12 0.020434514 145 66 181 168
2 0.018917331 136 42 198 194
20 0.018851843 176 69 209 167
4 0.018365432 160 48 223 187
20 0.015710702 136 42 198 194
7 0.015341462 161 55 227 177
13 0.014224958 145 66 181 168
