8 0.18431492 141 73 177 159
8 0.13420753 124 53 197 182
8 0.04682015 133 48 181 131
20 0.034115743 141 73 177 159
20 0.026015753 120 54 195 179
8 0.025913306 162 34 235 199
8 0.02212926 181 72 215 160
6 0.018899746 126 42 201 144
12 0.0130073875 141 73 177 159
6 0.012182733 141 73 177 159
20 0.0116678905 133 48 181 131
4 0.011353771 120 54 195 179
8 0.009557909 183 102 215 195
16 0.008662399 119 16 199 163
4 0.008283753 141 73 177 159
7 0.0076432102 120 54 195 179
20 0.0074099405 162 34 235 199
8 0.0067647723 142 103 180 191
5 0.0063299006 141 73 177 159
5 0.0056951884 120 54 195 179
11 0.0056476328 143 36 257 194
11 0.0055106822 120 54 195 179
8 0.0051345606 175 48 221 129
12 0.0050234976 143 60 260 230
