8 0.22713834 84 95 154 220
12 0.1171667 71 88 160 222
4 0.110237405 120 110 183 208
12 0.09822451 120 110 183 208
4 0.09461209 84 95 154 220
8 0.08477432 35 91 102 227
6 0.07232528 79 61 153 185
8 0.056978844 77 37 171 240
15 0.056846336 77 37 171 240
4 0.041577052 77 37 171 240
11 0.041254252 77 37 171 240
8 0.040678747 120 110 183 208
4 0.037067343 120 72 183 178
8 0.035800755 0 81 69 228
15 0.03290347 39 94 183 225
14 0.030491613 84 95 154 220
19 0.027590478 84 95 154 220
12 0.025646476 112 63 202 240
4 0.024491716 112 63 202 240
6 0.02444075 107 77 186 229
