8 0.19464009 99 0 217 240
4 0.13684957 110 2 210 240
12 0.07231613 110 2 210 240
6 0.06924025 99 0 217 240
11 0.06484998 113 18 201 226
13 0.047503654 113 18 201 226
19 0.045797903 110 2 210 240
18 0.041677516 110 2 210 240
7 0.03845864 83 54 243 204
11 0.037789818 83 54 243 204
17 0.03202584 110 2 210 240
5 0.031696685 110 2 210 240
19 0.027317991 83 54 243 204
15 0.026804922 110 2 210 240
2 0.026774142 113 18 201 226
20 0.026508637 112 31 207 240
12 0.023700988 140 180 178 240
6 0.022662163 113 0 196 122
