21 0.11997905 109 12 210 228
20 0.110024564 96 40 237 213
9 0.107546 144 4 253 238
20 0.08197117 69 44 162 240
16 0.075422406 77 48 243 202
20 0.073924005 84 81 142 232
21 0.07246861 77 48 243 202
3 0.06373739 96 40 237 213
20 0.05822368 130 0 283 240
9 0.05752001 109 12 210 228
16 0.053335868 109 12 210 228
16 0.051300775 69 44 162 240
21 0.040085312 60 29 157 240
21 0.037454806 144 4 253 238
16 0.034091655 84 81 142 232
3 0.033652194 130 0 283 240
16 0.027361212 11 28 128 240
21 0.027286718 86 94 139 223
