9 0.36686468 106 0 207 240
9 0.20722403 75 27 251 215
16 0.08070457 75 27 251 215
3 0.07674427 75 27 251 215
21 0.056617875 75 27 251 215
20 0.054708965 87 42 238 212
9 0.05047267 128 54 285 240
3 0.03578468 106 0 207 240
17 0.033907436 75 27 251 215
16 0.033378467 106 0 207 240
21 0.03125969 106 0 207 240
9 0.02812977 65 31 156 240
17 0.024751848 106 0 207 240
20 0.02349 55 53 162 240
9 0.02132024 202 0 312 240
9 0.017099252 260 66 320 240
7 0.016960487 75 27 251 215
20 0.016625125 35 57 115 240
