9 0.35332218 114 49 203 202
9 0.10550547 67 22 256 225
9 0.10378747 96 21 220 161
9 0.08878052 74 44 160 205
9 0.042817827 119 103 196 240
9 0.03686586 150 42 256 197
9 0.03675775 34 102 296 240
9 0.035240483 49 17 183 162
8 0.034199428 122 55 187 200
9 0.0303251 22 79 116 229
9 0.027549524 28 46 207 199
9 0.022815788 71 105 154 240
9 0.021854362 213 72 287 239
7 0.021201767 114 49 203 202
9 0.020629216 0 23 134 217
20 0.020084413 122 55 187 200
6 0.019000368 122 55 187 200
9 0.018687416 186 22 309 221
