10 0.40884712 66 23 159 225
10 0.4052154 89 65 151 186
10 0.19736223 104 14 188 227
10 0.18075004 120 56 181 195
6 0.04350284 100 50 142 188
10 0.032447442 137 100 172 200
10 0.03163964 136 23 176 151
10 0.03160887 91 19 141 153
18 0.027785428 89 65 151 186
6 0.027725203 66 23 159 225
18 0.025904955 66 23 159 225
10 0.024893085 22 42 112 201
10 0.019751662 98 90 138 208
10 0.016180024 156 13 250 227
10 0.015729185 179 70 241 171
10 0.013826892 118 105 187 240
13 0.012730839 66 23 159 225
6 0.012028873 104 14 188 227
