10 0.5395694 126 61 185 190
10 0.106287114 112 41 209 205
10 0.08069987 142 95 180 215
10 0.04883764 129 43 186 131
10 0.048811693 71 0 237 240
10 0.04593865 175 68 231 184
10 0.045834433 163 12 242 235
10 0.024907814 76 2 156 240
10 0.02186028 214 14 286 233
10 0.021419756 78 65 149 186
10 0.020215157 223 67 279 181
10 0.02005169 189 94 226 217
10 0.018539712 97 80 138 167
10 0.014969426 176 38 227 136
10 0.011699163 88 46 142 129
4 0.010793832 126 101 188 215
4 0.010619834 118 26 200 240
4 0.010106621 42 151 88 230
10 0.009901905 101 103 136 213
