10 0.67089474 110 0 207 237
10 0.42414865 134 30 194 211
10 0.07987463 133 39 188 138
10 0.036630444 73 7 232 171
10 0.022991981 167 0 243 240
10 0.021062857 134 7 188 99
10 0.020239087 72 47 166 196
10 0.018627446 5 15 214 230
10 0.016794564 118 14 286 235
10 0.015281111 208 29 302 209
10 0.013412954 184 44 225 127
10 0.011128797 180 49 230 191
10 0.010526784 109 0 213 108
10 0.010467218 84 94 138 211
10 0.00967346 89 31 141 141
10 0.0081651 183 1 228 100
10 0.008036316 27 44 119 202
10 0.0074285725 166 23 253 153
