10 0.53302276 125 66 188 185
10 0.4905582 112 32 203 211
10 0.06852412 139 79 184 230
10 0.043392133 130 43 185 132
10 0.04288234 66 15 244 232
10 0.042610884 172 74 238 176
10 0.039866824 153 16 256 229
10 0.021156853 77 68 152 183
10 0.016997064 222 73 282 177
10 0.015457727 175 35 229 138
10 0.015368961 210 20 292 227
10 0.014242249 82 108 149 206
10 0.014086349 70 47 163 240
10 0.012647297 188 89 227 219
10 0.012158182 88 46 139 131
10 0.008406805 77 21 142 159
4 0.0076244357 117 43 206 240
6 0.00756503 125 66 188 185
