10 0.46170416 121 58 185 195
10 0.08314509 135 100 181 213
10 0.08016028 108 36 214 212
10 0.06140107 72 0 246 240
10 0.05600805 147 27 261 219
10 0.054524932 165 62 235 189
10 0.027026612 65 23 169 223
10 0.021258976 72 64 155 183
10 0.020361912 124 51 189 120
10 0.018379545 182 105 230 210
10 0.013691105 217 67 283 180
10 0.013354883 137 143 178 232
10 0.013236428 94 82 140 164
10 0.01300961 204 20 295 229
10 0.012153096 76 113 152 199
10 0.011713631 166 39 237 131
10 0.011082519 180 16 224 161
10 0.010534177 173 143 239 231
10 0.009993873 87 51 140 124
