10 0.30321115 83 35 154 153
10 0.26048532 122 62 179 187
10 0.2259896 131 31 172 146
10 0.20866077 102 0 188 184
10 0.16600755 98 67 141 172
6 0.05221829 93 30 143 146
10 0.042019397 75 25 160 223
6 0.028231222 98 67 141 172
6 0.019268956 131 31 172 146
18 0.0192592 68 8 157 180
10 0.016181689 161 10 249 234
10 0.015772311 178 70 242 172
6 0.01564322 138 67 171 174
6 0.015083936 72 33 153 216
10 0.014636432 24 44 115 201
10 0.013583154 6 0 140 186
10 0.012031691 137 94 175 205
6 0.011729814 111 26 184 217
