10 0.32251653 118 45 209 240
10 0.27833778 127 99 197 206
10 0.08630371 130 67 185 180
10 0.06862238 61 53 255 240
10 0.04164486 155 27 250 222
10 0.037385453 177 77 236 175
10 0.028554464 173 110 243 196
10 0.024619753 131 138 183 232
10 0.02191621 227 76 283 174
10 0.018891398 209 31 287 217
10 0.014142089 124 42 189 128
10 0.01311102 59 29 173 221
10 0.012736446 83 116 155 192
10 0.01250425 218 41 285 134
10 0.0109501295 171 35 234 132
10 0.010788399 79 83 152 166
10 0.01008128 176 136 238 233
10 0.009942666 33 0 281 179
10 0.009624711 187 0 320 180
