10 0.3490738 108 31 205 216
10 0.28492606 122 104 193 207
10 0.16860983 133 62 184 181
10 0.05152301 80 0 235 240
10 0.03782 170 76 239 174
10 0.03757698 152 18 254 229
10 0.02473546 167 111 245 195
6 0.02148775 122 104 193 207
10 0.020035129 66 48 169 240
10 0.019200029 128 41 184 131
10 0.018912822 221 75 283 174
10 0.0180188 210 20 290 228
10 0.016222162 77 116 157 196
10 0.015960097 186 99 230 210
10 0.015686098 70 75 156 175
4 0.015511497 118 49 206 240
4 0.0150215365 122 104 193 207
10 0.014126434 126 147 188 229
10 0.012815932 174 36 228 136
6 0.011367581 118 49 206 240
10 0.010731003 93 101 141 212
