10 0.3215933 125 100 194 213
10 0.28450862 105 45 210 209
10 0.2010781 140 90 177 223
10 0.04447629 77 0 243 240
10 0.036456343 149 29 254 223
10 0.029259443 170 76 234 181
10 0.023203693 128 135 183 240
10 0.021044945 183 98 228 216
10 0.015778035 64 30 167 219
10 0.014968321 81 113 153 199
10 0.014058348 207 13 288 238
10 0.012542851 222 72 282 177
10 0.010829423 77 81 152 169
10 0.010051175 122 49 190 125
10 0.008453918 175 134 236 240
10 0.0077243038 85 0 239 117
10 0.007305242 233 105 272 213
10 0.0068125986 83 145 141 231
