10 0.34144154 116 53 206 240
10 0.31491652 126 96 195 214
10 0.06675239 131 70 183 180
10 0.04311328 154 36 254 214
10 0.0366369 55 5 265 240
10 0.03542225 180 79 237 175
10 0.033995993 171 106 243 204
10 0.022307001 230 74 271 176
10 0.020415552 208 34 291 213
10 0.017916488 123 40 191 133
10 0.016511677 98 0 218 195
10 0.016182523 131 131 183 240
10 0.0150454715 66 30 167 220
10 0.014676032 92 85 141 165
10 0.013656714 170 36 235 133
10 0.011572774 81 114 154 195
10 0.009937432 219 47 286 130
10 0.009129531 187 1 320 172
