10 0.56463325 118 35 197 207
10 0.37170863 140 72 181 172
10 0.07948382 130 23 180 159
10 0.06736778 93 0 225 240
10 0.05415431 156 24 245 221
10 0.043146066 176 75 236 181
10 0.040967047 131 94 194 217
10 0.038307387 73 10 158 238
10 0.03069817 142 109 185 196
10 0.023266034 79 70 154 183
10 0.021242324 97 82 143 164
10 0.02072999 214 29 280 220
6 0.020497646 131 94 194 217
10 0.017321624 223 74 281 177
10 0.015605076 171 31 235 140
10 0.014553058 86 45 143 129
6 0.014302314 140 72 181 172
4 0.01373044 131 94 194 217
10 0.012948233 31 18 198 232
