10 0.5130835 112 40 195 211
10 0.28848863 140 68 176 182
10 0.25206867 127 94 186 222
10 0.03979636 67 3 246 240
10 0.03356055 156 23 241 229
10 0.031031989 177 83 230 173
10 0.027826814 63 26 161 228
10 0.024366623 138 125 175 238
10 0.019634306 77 79 152 177
10 0.019345742 210 17 285 239
10 0.017166115 238 86 269 165
10 0.016776463 96 83 134 168
10 0.016663654 131 43 177 132
10 0.015541687 172 112 235 201
10 0.01379875 82 112 151 204
6 0.01351817 127 94 186 222
10 0.0134567935 191 97 223 211
10 0.010763837 97 101 135 211
10 0.008255442 181 40 224 135
10 0.008099429 241 107 268 206
