10 0.41882646 112 42 203 210
10 0.38451752 130 69 183 190
10 0.25065163 143 94 180 220
10 0.054983858 82 0 235 240
10 0.04481202 149 15 251 235
10 0.037645943 174 77 230 178
10 0.0328822 172 109 236 204
10 0.022172734 63 23 165 226
10 0.01485748 206 6 287 240
10 0.0145869935 130 134 179 240
10 0.014204629 82 115 148 202
10 0.013973919 78 76 148 175
10 0.013482104 223 72 278 177
10 0.013399482 129 51 184 125
10 0.011493683 93 84 137 163
10 0.0076537384 237 104 273 214
10 0.0076162186 173 42 232 131
4 0.0074697062 126 68 195 240
10 0.0072927494 188 141 231 237
