10 0.3685518 122 23 212 215
10 0.06468389 140 44 184 123
10 0.06256031 163 39 238 195
7 0.044830006 93 3 232 240
10 0.038916662 135 58 192 177
10 0.034661304 138 23 182 78
10 0.028282015 141 13 280 237
10 0.025419734 170 70 226 163
10 0.023250455 178 40 226 125
10 0.022087185 127 0 196 107
10 0.019504838 183 16 226 84
10 0.014592557 141 91 181 212
10 0.013578619 75 0 247 205
10 0.012691071 165 0 242 116
10 0.011026322 100 42 134 123
10 0.010112641 176 96 224 208
10 0.009746261 127 85 192 240
10 0.008829757 215 79 296 240
4 0.008620348 128 9 215 240
10 0.007336523 181 167 221 240
