10 0.33418378 127 99 194 214
10 0.2429896 104 38 214 215
10 0.08445106 132 70 181 184
10 0.036861952 70 8 251 240
10 0.031118453 152 30 252 220
10 0.027413087 176 76 235 179
10 0.0208693 169 109 241 203
10 0.01951449 128 135 184 240
10 0.014858831 225 75 284 174
10 0.014690555 68 28 161 220
10 0.013431518 211 21 286 228
10 0.012286012 82 112 153 199
10 0.011029675 78 81 152 168
10 0.008581387 176 133 236 240
10 0.008492562 234 104 271 211
10 0.007878396 122 48 192 125
10 0.007279214 166 45 238 126
10 0.006892647 184 0 314 207
13 0.00687451 123 67 199 240
10 0.0064512594 218 0 291 109
