10 0.32489812 127 99 193 214
10 0.24295829 105 38 213 215
10 0.08499372 131 71 181 183
10 0.037557624 70 4 250 240
10 0.03201195 153 29 251 221
10 0.027583595 177 75 234 180
10 0.02044562 169 109 241 202
10 0.019104775 128 133 184 240
10 0.015832165 225 75 284 173
10 0.014660537 68 27 161 221
10 0.014536332 211 20 286 228
10 0.01189082 82 112 153 199
10 0.0109569905 79 81 152 168
10 0.008640453 234 103 272 212
10 0.008316187 176 132 236 240
10 0.007873064 122 48 192 125
10 0.007365029 184 0 314 208
13 0.0073064626 123 66 199 240
10 0.007267528 166 44 238 126
10 0.0070193294 218 0 290 108
