10 0.6525642 121 5 199 236
10 0.33258125 79 27 228 219
10 0.065825894 134 39 186 135
10 0.04655784 133 49 181 240
10 0.0383651 77 54 162 192
10 0.037095387 172 0 240 240
10 0.028827013 185 45 232 194
10 0.024320982 186 35 227 132
10 0.021663602 130 6 189 100
10 0.020044908 120 22 283 228
10 0.018442528 205 31 304 208
10 0.01785362 91 37 142 134
10 0.013898535 64 0 158 240
10 0.012597121 111 0 210 112
10 0.012057773 224 0 283 240
10 0.011516036 35 55 110 192
10 0.010604458 183 0 229 103
10 0.0105925165 166 28 251 151
