10 0.53978884 129 73 184 183
10 0.5261885 111 43 195 204
10 0.054155417 157 19 245 228
10 0.053387072 177 79 234 175
10 0.048916347 126 27 184 153
10 0.035599343 75 0 242 240
10 0.031705067 60 10 166 238
10 0.024311861 229 81 282 169
10 0.02419828 78 80 151 173
10 0.023524022 214 14 285 238
10 0.01971386 172 112 238 198
10 0.018672604 106 16 220 157
10 0.01750891 190 94 228 212
10 0.015685951 131 145 188 220
10 0.013874975 178 41 227 132
10 0.012616277 84 112 148 199
6 0.0108792735 127 103 188 207
10 0.009632327 176 141 235 229
