10 0.39487815 122 69 200 240
10 0.14361121 137 89 178 223
10 0.047663737 73 10 247 240
10 0.032941744 153 32 249 219
10 0.026821189 178 77 232 179
10 0.019176135 172 110 237 202
10 0.015031687 70 23 157 226
10 0.0140532665 210 13 288 235
10 0.013789907 229 76 282 173
10 0.010677676 84 117 149 196
10 0.009865641 79 83 150 167
10 0.0093940925 125 45 188 127
10 0.008326253 217 40 282 133
10 0.007965616 169 38 233 132
10 0.0072349994 193 1 319 170
10 0.0069619487 236 105 270 207
10 0.006898324 178 134 235 238
