10 0.54427093 115 32 205 207
10 0.54146 128 54 180 200
10 0.115943596 76 0 231 240
10 0.0519049 125 45 191 125
10 0.050355505 139 113 187 195
6 0.045870937 130 92 187 224
10 0.044783853 162 17 246 226
10 0.038252436 177 67 227 186
10 0.025033038 216 20 283 225
10 0.023697788 221 72 277 180
10 0.02307323 79 62 150 191
10 0.019599376 94 81 144 165
4 0.017976385 119 47 206 240
6 0.017492281 132 77 187 165
4 0.017319342 130 92 187 224
10 0.014793513 55 32 173 221
10 0.013409502 181 0 320 188
10 0.013326017 36 0 272 153
6 0.012609487 119 47 206 240
