10 0.4465044 128 18 205 223
10 0.111913964 87 14 236 240
10 0.11155123 165 28 236 207
10 0.048872165 136 30 280 218
10 0.048638534 144 52 186 188
10 0.04078732 143 43 178 132
7 0.039503258 87 14 236 240
10 0.033819925 176 58 223 179
10 0.017363153 184 89 225 217
10 0.015403563 182 41 222 131
10 0.014819304 210 98 297 240
4 0.010910655 130 16 211 234
10 0.010322394 140 19 172 83
10 0.008494545 184 21 222 83
10 0.007872299 132 90 192 240
10 0.007826513 218 36 292 205
10 0.007689019 169 137 235 240
10 0.00738323 99 38 132 130
