10 0.48514542 111 31 200 207
10 0.47756597 129 66 187 184
10 0.05382388 127 28 181 150
10 0.044673577 154 8 250 233
10 0.040087458 82 1 231 240
10 0.039703496 177 76 236 173
10 0.029430557 139 103 184 201
10 0.02910062 60 1 165 240
10 0.018902065 73 75 161 176
6 0.017942984 130 100 194 207
10 0.015897438 212 18 283 229
10 0.01581918 94 80 142 167
10 0.014579082 226 77 283 170
6 0.014435075 134 68 182 174
10 0.0106245205 175 37 231 136
6 0.009416511 114 34 206 240
4 0.009275107 130 100 194 207
10 0.008035792 93 0 223 134
6 0.0071049174 177 76 236 173
