10 0.4462876 125 17 204 227
10 0.12920882 164 36 233 203
10 0.081208885 135 6 192 166
10 0.06449647 135 25 281 220
10 0.045673035 140 54 183 185
10 0.028074281 108 24 230 151
7 0.02147556 88 19 234 240
10 0.020496644 141 10 186 91
10 0.015516781 128 100 195 240
10 0.014128121 179 32 228 136
10 0.013298302 169 100 232 240
10 0.0128089525 145 120 178 240
10 0.01230499 97 36 138 132
10 0.011685498 216 97 294 240
10 0.010736853 180 7 233 92
10 0.009816578 88 13 152 153
10 0.009679271 180 118 214 240
