10 0.6005643 124 64 188 187
10 0.12276892 112 41 212 206
10 0.072615914 169 67 234 185
10 0.06933787 150 23 253 220
10 0.064654306 134 98 182 210
10 0.055425923 75 0 237 240
10 0.03975084 129 47 184 128
10 0.035458867 66 20 166 224
10 0.028922083 74 66 152 181
10 0.023577765 183 99 228 212
10 0.022913633 92 77 139 166
10 0.018758722 85 48 139 128
10 0.018709363 218 66 286 179
10 0.01860905 206 13 291 233
10 0.016163027 172 40 229 134
10 0.0139302295 79 111 151 199
10 0.013724901 136 144 179 228
10 0.012257815 173 143 242 230
10 0.011050327 214 28 283 146
