10 0.5276163 121 33 211 207
10 0.14174595 161 43 239 196
10 0.091759644 137 21 279 224
10 0.049747486 139 53 187 187
10 0.041448217 133 13 194 155
7 0.029696709 95 19 232 238
10 0.015674232 180 39 228 133
10 0.013142644 180 86 221 215
10 0.012939516 99 37 137 134
10 0.012196368 139 14 186 87
10 0.011487887 120 99 207 240
4 0.01127248 124 10 218 239
10 0.011267665 84 0 239 198
10 0.011261767 147 119 179 240
10 0.010804256 87 9 153 155
10 0.010253259 161 102 241 240
10 0.009396377 207 102 302 240
10 0.009157401 101 73 138 167
10 0.008757751 175 6 239 90
