10 0.5402174 126 61 185 191
10 0.10551737 112 40 210 205
10 0.0800997 142 96 180 213
10 0.046628226 130 43 186 131
10 0.046111062 175 66 230 186
10 0.045721203 163 11 241 235
10 0.04433601 71 0 238 240
10 0.02409426 77 2 156 240
10 0.02148275 189 95 226 216
10 0.021440059 214 13 286 234
10 0.020432806 79 63 149 187
10 0.019911973 223 66 279 182
10 0.017956434 97 80 137 167
10 0.014119244 176 39 227 136
4 0.012955576 126 100 188 215
4 0.012652752 119 24 200 240
4 0.012245794 42 151 88 230
10 0.011606089 88 46 142 130
4 0.010651868 82 148 137 235
6 0.009427668 126 100 188 215
