10 0.57860225 108 44 198 203
10 0.4257771 137 71 182 176
10 0.09108797 127 94 192 219
6 0.053597298 127 94 192 219
10 0.049802985 156 17 246 233
10 0.048553277 180 76 233 178
10 0.046789035 87 0 226 240
10 0.03939793 57 12 164 240
10 0.032568216 129 43 185 133
10 0.02813836 71 74 156 183
10 0.023664046 94 82 139 168
6 0.020273078 113 52 199 240
10 0.017027419 230 83 281 166
10 0.016019244 209 15 284 237
4 0.015519903 127 94 192 219
10 0.012567342 176 40 230 137
10 0.010879828 174 111 239 199
4 0.0108055575 113 52 199 240
6 0.0093476055 174 111 239 199
10 0.00842777 81 110 149 203
