10 0.51696956 127 70 180 188
10 0.444059 116 21 197 226
10 0.18940647 141 98 182 212
10 0.08146305 77 0 228 240
6 0.044044163 127 98 186 221
10 0.037031673 179 73 224 173
10 0.03036168 124 45 188 126
10 0.029605692 159 15 244 232
10 0.025775004 82 69 145 185
10 0.023395082 173 112 236 205
10 0.020043492 225 80 277 170
4 0.01989487 127 98 186 221
10 0.017480798 79 38 159 240
4 0.017044872 121 36 201 240
10 0.01609551 215 14 281 232
10 0.014850073 90 109 146 209
10 0.012024855 127 135 182 240
10 0.011033843 237 106 273 212
