10 0.6047882 130 73 182 181
10 0.5460767 112 36 199 206
10 0.054639295 183 73 226 176
10 0.05180251 133 43 187 132
10 0.049563553 151 15 252 233
10 0.043448776 81 2 231 240
10 0.029394742 60 9 169 236
10 0.027688414 78 75 151 176
10 0.027330216 175 108 238 200
10 0.024990575 227 78 282 173
10 0.0223834 210 9 287 240
10 0.017992524 191 92 227 213
10 0.016096361 83 110 143 199
10 0.013957958 133 139 186 225
10 0.013255417 177 44 228 131
10 0.010403189 176 142 239 225
10 0.009359233 238 98 272 214
