10 0.390707 119 54 207 240
10 0.3647435 129 94 195 216
10 0.1738523 136 57 184 188
10 0.055555362 78 4 238 240
10 0.045573346 154 17 252 230
10 0.04455618 183 78 232 174
10 0.033316344 229 76 282 175
10 0.031169355 209 20 289 228
10 0.02271568 178 106 238 201
10 0.02191705 130 43 184 129
10 0.01817394 71 48 166 240
10 0.017900249 82 76 149 175
10 0.015686844 85 110 153 200
6 0.015352042 129 94 195 216
10 0.014910807 176 32 231 139
10 0.014220674 220 38 285 137
10 0.014159206 133 134 187 237
6 0.010720947 119 54 207 240
10 0.010371627 183 0 320 178
10 0.010265671 45 113 104 197
