10 0.43150747 113 30 180 208
10 0.37564406 67 18 158 166
10 0.283795 125 33 175 140
10 0.25050285 127 75 180 161
6 0.084339134 81 63 162 185
10 0.06615066 84 79 151 160
6 0.046328753 88 29 149 146
6 0.040623892 120 60 184 192
6 0.035610642 125 33 175 140
10 0.032538187 125 0 200 186
10 0.02600078 169 14 239 226
6 0.025897369 109 0 191 240
10 0.021598093 180 63 241 179
10 0.018839758 8 1 119 174
10 0.018191587 29 53 109 188
10 0.016214328 88 0 150 126
10 0.015907153 54 0 191 222
4 0.01547236 84 79 151 160
