10 0.51602805 114 35 198 209
10 0.5021017 126 64 185 189
10 0.11355063 136 47 184 133
10 0.06132172 182 71 224 178
10 0.052925378 151 11 252 237
10 0.046034496 65 9 246 240
10 0.03702822 141 93 179 210
10 0.033380806 78 72 150 180
10 0.027033929 177 47 225 129
10 0.020017087 88 51 139 126
10 0.01951104 233 81 271 170
10 0.018599687 207 8 292 240
10 0.016042735 175 110 238 199
10 0.01584778 85 113 145 201
10 0.014418527 58 0 165 215
10 0.014228489 189 98 225 211
10 0.013875457 81 22 138 161
10 0.010614848 132 133 189 233
10 0.009548681 102 0 213 151
