10 0.29525548 121 35 196 240
10 0.27953482 130 105 189 209
10 0.1385347 137 71 179 176
10 0.04616998 153 17 250 235
10 0.04084643 180 88 235 164
10 0.031767547 70 0 246 240
10 0.031047102 135 141 184 230
10 0.026149979 175 116 240 194
10 0.024435539 123 45 193 126
10 0.02246643 208 12 289 240
10 0.020065207 228 86 285 164
10 0.019571006 60 20 167 233
10 0.019431641 188 89 223 220
10 0.015627239 173 38 234 132
10 0.014420723 85 110 149 200
10 0.014315999 77 86 151 166
6 0.012238848 130 105 189 209
10 0.009369025 221 43 281 130
10 0.009311534 238 102 269 211
