10 0.3587605 94 56 148 192
10 0.31053668 139 67 170 169
10 0.30975646 124 55 177 195
10 0.12794265 94 33 140 139
10 0.12252231 66 0 155 190
10 0.094298996 105 0 188 199
10 0.075686775 134 26 172 145
6 0.053291027 98 62 144 174
6 0.023917168 94 33 140 139
4 0.02065893 98 62 144 174
10 0.018777909 29 44 110 199
10 0.017796777 138 98 173 198
6 0.01688336 75 45 149 201
10 0.016877575 180 71 240 171
10 0.015805325 164 14 248 228
6 0.012245473 139 67 170 169
13 0.010935028 94 56 148 192
6 0.01042671 124 55 177 195
10 0.01022879 10 15 128 232
