10 0.3655399 74 47 151 202
10 0.31037495 97 62 144 179
10 0.2826016 125 60 179 191
10 0.062220424 91 26 135 147
10 0.061838202 108 0 189 207
10 0.055825237 125 36 185 144
6 0.05462419 97 62 144 179
10 0.027474048 137 97 173 201
10 0.022724224 31 43 110 201
6 0.020438667 91 26 135 147
10 0.019109925 93 90 136 208
4 0.018592732 97 62 144 179
6 0.017873267 74 47 151 202
10 0.017136486 181 73 239 170
10 0.01630899 164 15 247 228
10 0.013155738 9 1 136 178
13 0.011756077 74 47 151 202
13 0.010530248 97 62 144 179
18 0.010296144 74 47 151 202
