10 0.46109885 120 72 200 240
10 0.14662175 137 65 182 188
10 0.050836746 82 10 239 240
10 0.045468405 153 27 251 224
10 0.035901353 178 81 233 176
10 0.030204358 132 137 180 238
10 0.022372397 173 114 238 199
10 0.02150173 72 58 158 240
10 0.020547703 211 10 289 239
10 0.018866744 229 79 281 171
10 0.01777485 130 45 185 131
10 0.017655669 84 119 151 193
10 0.017046943 185 95 226 218
10 0.01098352 80 83 149 167
10 0.010935758 173 43 233 130
10 0.009350482 37 0 274 158
10 0.008781957 216 42 283 133
10 0.0085933255 188 0 320 180
4 0.007925194 120 72 200 240
