10 0.35682788 118 28 202 240
10 0.32379618 128 80 183 178
10 0.32341674 132 111 185 206
10 0.04664771 153 5 250 240
10 0.044530883 180 87 232 166
10 0.04159292 133 146 184 228
10 0.039477676 126 48 191 122
10 0.032947347 83 0 233 240
10 0.029735737 176 117 234 195
10 0.02599886 210 0 289 240
6 0.025847385 132 111 185 206
10 0.0254946 231 87 284 162
10 0.022844559 67 26 165 240
10 0.021975175 192 91 225 220
10 0.020703793 91 116 147 198
10 0.016256677 83 83 148 168
10 0.015843676 174 44 232 128
10 0.013787303 100 92 135 219
10 0.012511422 239 104 271 211
10 0.01235311 103 41 219 139
10 0.010517078 178 141 232 231
