10 0.51090086 114 34 198 210
10 0.49485016 126 66 185 186
10 0.12064489 136 46 185 134
10 0.061855152 182 71 223 180
10 0.05255734 151 10 251 238
10 0.034784857 63 1 165 240
10 0.033999264 142 94 179 210
10 0.033696704 78 73 150 179
10 0.028251778 177 47 225 130
10 0.021435848 87 50 139 126
10 0.018715447 68 0 246 211
10 0.018542556 233 81 271 171
10 0.017957935 207 8 292 240
10 0.015565402 174 110 238 199
10 0.0147428885 84 114 146 200
10 0.014509292 81 24 138 159
10 0.013407071 190 98 225 211
10 0.010201031 101 0 213 149
10 0.009990335 132 133 191 233
10 0.0087097995 129 0 185 118
