10 0.48443267 127 65 185 185
10 0.4757082 118 33 199 211
10 0.111508876 134 43 188 133
10 0.04741061 174 78 233 172
10 0.046673875 68 5 240 240
10 0.045138765 154 15 252 229
10 0.035008952 75 0 159 240
10 0.030489424 79 71 148 180
10 0.02289085 175 37 228 136
10 0.019374534 103 15 221 161
10 0.018751334 224 79 279 169
10 0.018210463 209 23 290 225
10 0.014865722 88 47 143 129
10 0.014620343 86 120 143 196
10 0.01319404 175 112 238 195
10 0.011990339 80 20 139 161
10 0.010687394 130 14 188 90
10 0.009845129 219 38 277 136
