10 0.4602167 132 78 184 181
10 0.45951548 113 32 197 220
10 0.054274734 154 18 248 234
10 0.050852153 182 84 231 171
10 0.042837337 79 0 234 240
10 0.03533589 131 48 187 125
10 0.033568203 177 114 235 197
10 0.0320628 132 150 183 226
10 0.031251855 233 84 282 166
10 0.029190833 212 13 287 240
10 0.022241525 190 93 226 215
10 0.020939045 63 2 164 240
6 0.018439623 130 114 185 204
10 0.01682971 92 118 144 196
10 0.016431967 175 39 231 134
10 0.016421415 84 81 146 172
10 0.0147687765 231 117 281 195
10 0.0137224775 240 101 271 212
10 0.013004204 177 143 233 231
10 0.011209417 99 95 135 217
