10 0.46426424 127 97 194 212
10 0.2774617 106 21 203 230
10 0.1388222 132 64 183 182
10 0.031260133 178 77 234 176
10 0.030448917 154 13 249 237
10 0.029546786 61 47 255 240
10 0.025489328 170 107 240 202
10 0.024647882 228 77 282 174
10 0.023325326 131 135 183 237
10 0.020328913 207 25 291 225
10 0.019108023 72 44 158 240
10 0.018791683 84 113 150 196
10 0.012812613 131 47 184 125
10 0.012553691 176 39 233 132
10 0.011911974 79 79 149 170
10 0.010416023 219 41 283 134
10 0.009560071 176 136 238 237
18 0.008028401 127 97 194 212
