10 0.39649853 118 48 197 240
10 0.3342822 126 98 189 217
10 0.150178 137 68 176 182
10 0.040997766 52 3 264 240
10 0.033374537 155 26 245 226
10 0.030611107 182 74 222 177
10 0.022856928 61 29 162 224
10 0.021357642 235 86 269 165
10 0.020768862 212 18 284 235
10 0.02034907 97 0 213 204
10 0.019135857 174 112 233 199
10 0.019130405 127 46 183 126
10 0.016652353 93 81 136 168
10 0.014646627 134 127 179 239
10 0.013357845 82 110 152 203
10 0.010149849 176 41 227 131
10 0.010027079 236 107 269 207
6 0.00789572 126 98 189 217
10 0.007580972 88 46 136 129
