10 0.30780473 120 61 179 188
10 0.28082323 87 36 153 152
10 0.2611727 130 30 174 147
10 0.24704996 102 0 188 178
10 0.17724988 97 66 142 173
6 0.073579654 93 31 144 145
10 0.048752695 74 23 160 225
6 0.029372023 130 30 174 147
6 0.028828008 89 61 152 187
6 0.020535856 136 66 172 174
6 0.020105857 69 7 157 180
10 0.017636409 158 10 251 232
18 0.01681373 69 7 157 180
6 0.016764767 110 29 184 213
10 0.016107606 178 68 242 173
10 0.014102128 22 45 116 199
10 0.013859987 89 0 237 240
10 0.013299588 135 93 175 205
