10 0.5740426 126 66 186 188
10 0.55676585 113 32 198 217
10 0.059995424 177 74 234 177
10 0.059718877 153 2 250 240
10 0.054638658 87 7 227 240
10 0.035169363 171 109 241 197
10 0.031050073 225 76 282 173
10 0.027816078 208 7 288 239
10 0.021027103 135 124 181 240
10 0.020211257 58 0 167 240
10 0.017594816 129 48 186 124
10 0.016665492 84 115 151 197
10 0.016608628 176 36 233 134
10 0.016069086 78 76 148 174
10 0.014793815 218 36 282 137
10 0.011111555 94 91 138 219
6 0.010309271 126 100 190 211
10 0.009297087 176 141 234 232
