10 0.3114578 125 101 193 212
10 0.27827412 104 43 211 211
10 0.19878703 140 91 177 222
10 0.044066463 75 0 244 240
10 0.036273368 148 27 255 225
10 0.029532572 170 76 234 180
10 0.021468904 128 134 182 240
10 0.019670991 183 97 228 217
10 0.014725111 63 28 167 220
10 0.014104795 81 114 153 198
10 0.013975121 207 13 288 238
10 0.012659277 222 72 282 177
10 0.010314234 77 81 152 168
10 0.009840968 122 48 190 126
10 0.007761098 232 104 272 214
10 0.0075382493 87 0 238 118
10 0.007043628 175 134 236 239
