10 0.45342264 121 71 200 240
10 0.14338027 136 65 182 187
10 0.05119716 82 7 238 240
10 0.044655338 153 26 251 226
10 0.03528589 177 82 233 175
10 0.031655084 131 138 180 237
10 0.022720715 172 114 239 199
10 0.020644478 73 56 158 240
10 0.020500608 211 11 289 239
10 0.018554205 229 79 282 171
10 0.018230477 129 45 185 131
10 0.017122652 184 94 227 218
10 0.016492048 83 120 152 193
10 0.011100342 172 44 233 129
10 0.010231929 80 84 148 166
10 0.009986416 35 0 276 156
10 0.009049275 187 0 320 180
10 0.00867076 216 42 282 133
