10 0.4673517 73 50 153 198
10 0.37376457 99 59 143 181
10 0.2788921 125 58 180 192
10 0.08013113 92 28 139 145
10 0.06612795 104 0 192 209
10 0.053463876 136 17 172 155
6 0.047760755 99 59 143 181
10 0.027072588 137 99 173 200
10 0.025795829 94 92 137 208
10 0.022719216 31 41 109 203
6 0.017771892 73 50 153 198
6 0.016395805 92 28 139 145
10 0.015876861 181 72 240 170
10 0.015392221 163 14 249 229
10 0.014674874 10 0 134 179
4 0.013206559 99 59 143 181
10 0.012327916 31 0 212 240
13 0.011683021 73 50 153 198
18 0.010695445 73 50 153 198
