10 0.39653558 72 24 154 224
10 0.3850169 90 65 149 188
10 0.1777041 108 20 186 220
10 0.15060182 140 62 175 179
10 0.048527304 102 90 140 210
6 0.035653375 100 50 144 191
10 0.03554725 92 15 142 159
10 0.033986717 135 24 178 150
10 0.024496363 24 42 110 200
6 0.02314436 72 24 154 224
18 0.021167329 90 65 149 188
18 0.020943834 72 24 154 224
10 0.018315377 50 0 196 240
10 0.016223459 158 14 248 226
10 0.016005967 180 69 240 172
10 0.01443586 80 0 157 125
13 0.013683648 72 24 154 224
10 0.013607029 115 113 190 240
