10 0.6923897 123 0 195 240
10 0.56865346 129 51 206 191
10 0.29262078 78 8 226 234
10 0.1275229 134 27 186 145
10 0.050746568 135 49 178 240
10 0.042914744 77 53 160 193
10 0.0409517 174 0 239 240
10 0.034928083 187 27 226 138
10 0.033990078 185 37 233 200
10 0.026329555 123 94 183 197
10 0.025617879 91 31 141 137
10 0.02392118 130 3 187 102
10 0.021266699 120 2 282 240
10 0.019139053 204 29 305 211
10 0.014178923 85 90 135 216
10 0.013991333 35 54 111 192
10 0.013551963 167 26 247 155
10 0.013021339 224 0 283 240
10 0.012731985 40 0 175 186
