11 0.219772 60 44 169 191
11 0.16428167 81 75 155 164
11 0.15799716 109 86 222 212
11 0.11927522 126 107 200 195
11 0.05427187 82 106 154 193
11 0.05074687 135 37 190 201
11 0.04412875 12 51 130 240
11 0.040559776 136 72 199 163
11 0.022750068 36 74 101 166
11 0.022472732 26 103 204 201
11 0.020478858 174 101 223 203
11 0.018242382 89 46 143 127
11 0.016957425 79 41 245 205
11 0.015564183 157 69 253 233
11 0.015495974 58 109 173 240
11 0.014300053 135 131 185 233
11 0.013897107 33 104 103 199
11 0.011387153 111 16 209 157
11 0.010059952 173 72 232 165
20 0.008714167 29 32 114 201
11 0.008455732 178 134 221 238
11 0.008303881 0 24 68 211
