11 0.13884439 105 29 210 141
11 0.09327646 130 52 190 114
11 0.030475656 89 4 236 236
11 0.025496855 90 67 235 172
11 0.021195756 112 100 210 211
21 0.018257324 130 52 190 114
11 0.017774738 57 7 171 162
11 0.014550386 127 89 190 144
17 0.011123721 89 4 236 236
11 0.010326609 160 51 247 191
20 0.0089231245 111 18 210 159
10 0.008445744 130 52 190 114
11 0.0076411422 81 44 153 120
11 0.0075613605 132 99 291 202
11 0.0073753535 143 20 256 148
8 0.0070089344 89 4 236 236
16 0.006886479 112 100 210 211
11 0.006538938 34 42 105 187
8 0.006510622 130 52 190 114
17 0.0064165015 112 100 210 211
16 0.006398441 75 20 232 229
8 0.0062304814 111 18 210 159
11 0.0061087455 210 90 300 211
