11 0.2289073 100 36 220 140
11 0.06021666 87 49 249 183
11 0.05476967 143 26 249 153
11 0.015786314 175 45 222 126
11 0.01574744 29 25 213 213
16 0.013810273 98 37 233 213
8 0.013480235 98 37 233 213
16 0.013127744 114 28 219 152
11 0.012910464 176 74 221 162
17 0.012203021 98 37 233 213
11 0.011997663 169 76 238 234
11 0.011209141 205 40 295 202
11 0.011101716 120 73 302 223
20 0.011006891 114 28 219 152
16 0.010682111 15 48 212 199
11 0.010540106 111 135 205 240
8 0.010399407 114 28 219 152
3 0.009857556 98 37 233 213
11 0.009391697 125 71 194 160
11 0.008895308 73 95 252 240
20 0.008245233 29 25 213 213
9 0.008179668 15 48 212 199
