11 0.32685372 101 20 303 220
11 0.24428041 134 51 272 184
11 0.11424902 156 110 262 198
11 0.05623134 169 73 250 234
8 0.041251097 156 110 262 198
11 0.032482184 150 136 271 235
11 0.022683783 199 107 294 207
11 0.022065582 182 132 234 240
11 0.018248588 151 0 257 111
11 0.015552697 117 88 215 224
4 0.015488119 78 16 249 230
8 0.015300938 134 51 272 184
11 0.014749819 172 73 242 166
17 0.013623243 78 16 249 230
11 0.012607003 131 110 185 240
11 0.012261676 168 0 234 171
11 0.01200742 102 11 226 159
11 0.01174478 75 73 257 236
8 0.010847716 78 16 249 230
