11 0.46627542 0 4 233 240
11 0.077964835 125 147 199 227
11 0.042157903 39 81 196 230
11 0.03988133 84 50 226 179
11 0.03388504 16 56 311 191
17 0.032366846 2 51 239 197
11 0.031786855 108 93 220 215
11 0.026937155 92 136 137 232
11 0.020879397 49 131 94 240
11 0.019577136 75 118 156 240
3 0.01859316 2 51 239 197
11 0.01680076 131 118 195 185
11 0.014500029 163 142 232 233
8 0.0134076625 125 147 199 227
15 0.013332747 2 51 239 197
8 0.012779313 163 142 232 233
11 0.012346873 41 0 194 175
11 0.01143381 140 171 182 240
11 0.010910929 22 122 120 240
11 0.009549891 85 91 146 204
