11 0.115766846 105 15 212 152
11 0.050177775 126 47 190 113
11 0.028992046 66 4 170 165
16 0.02459409 73 80 242 220
11 0.024268292 87 59 241 171
11 0.021600291 117 98 210 213
16 0.021090005 117 98 210 213
17 0.019892152 91 42 224 197
16 0.016455624 115 44 295 240
8 0.014212996 73 80 242 220
8 0.013776665 121 96 195 195
11 0.0137146525 173 82 248 222
21 0.012413206 126 47 190 113
20 0.0120757045 103 33 209 140
10 0.011904672 126 47 190 113
17 0.010745896 103 33 209 140
11 0.010053742 44 48 193 182
11 0.0096716415 82 46 154 115
17 0.008929099 117 98 210 213
17 0.008479473 126 47 190 113
