11 0.26972604 50 39 181 200
11 0.15743726 104 84 231 215
11 0.13760148 76 73 161 168
11 0.11436626 123 106 205 195
11 0.042615753 15 48 133 240
11 0.03896998 134 70 203 163
11 0.029622665 172 109 227 194
11 0.029371586 128 28 195 213
11 0.021528745 63 104 170 240
11 0.018663235 135 134 186 232
11 0.016023375 163 75 245 221
11 0.014605207 38 91 105 211
11 0.0129328305 107 15 215 159
11 0.012368901 139 52 276 186
11 0.0103283115 173 72 237 161
4 0.008945355 71 40 154 196
11 0.0087117925 175 134 220 237
