11 0.31093773 105 16 299 224
11 0.2565643 131 54 275 181
11 0.10872492 154 114 261 194
11 0.05884291 170 71 248 234
11 0.044863142 150 142 269 232
11 0.034380592 187 136 233 238
8 0.032999013 154 114 261 194
11 0.023243932 195 110 296 205
11 0.023070067 153 0 257 107
11 0.01743835 116 97 216 214
11 0.017228412 169 0 233 167
17 0.014503142 75 15 251 232
11 0.014033142 175 74 242 165
11 0.013713408 137 121 184 240
4 0.01355759 75 15 251 232
8 0.0126871625 131 54 275 181
11 0.01138691 204 58 286 240
11 0.011015654 111 0 210 201
1 0.010897298 75 39 263 212
