17 0.1269946 87 31 320 210
11 0.111186825 159 59 266 178
11 0.102699436 87 31 320 210
17 0.09868867 159 59 266 178
17 0.0855261 168 25 247 152
11 0.07122049 168 25 247 152
8 0.048780423 159 59 266 178
16 0.041549254 87 31 320 210
16 0.036749724 159 59 266 178
16 0.033135287 168 25 247 152
8 0.032914758 87 31 320 210
20 0.030705871 159 59 266 178
11 0.030303432 203 63 294 175
3 0.02696756 165 40 244 188
17 0.026881792 54 15 271 153
3 0.026082713 87 31 320 210
17 0.02516814 111 22 215 147
20 0.024055867 168 25 247 152
20 0.019095859 95 10 316 168
8 0.017263377 168 25 247 152
17 0.017046224 122 0 203 111
16 0.014465601 54 15 271 153
