11 0.33452007 79 0 241 240
13 0.084704466 88 0 235 240
11 0.07856005 125 35 274 202
11 0.06459371 154 110 259 202
11 0.060811438 156 141 269 232
11 0.054042485 176 83 237 226
17 0.043235064 79 0 241 240
11 0.040508788 184 143 231 232
15 0.035873655 102 0 299 240
16 0.032047164 76 25 258 228
7 0.030880079 76 25 258 228
3 0.02397289 76 25 258 228
8 0.023264758 154 110 259 202
19 0.020972574 76 25 258 228
8 0.020949105 79 0 241 240
8 0.020781893 156 141 269 232
11 0.01909354 134 118 183 240
4 0.017731676 79 0 241 240
12 0.016714137 79 0 241 240
11 0.015162446 122 49 202 240
1 0.01467991 76 25 258 228
