11 0.25313008 97 38 229 191
11 0.13419238 40 14 290 165
11 0.061833978 136 66 272 174
16 0.056517947 92 58 217 183
16 0.05007773 8 9 319 237
17 0.04345535 92 58 217 183
17 0.04311071 40 14 290 165
9 0.036446266 92 58 217 183
8 0.03475819 40 14 290 165
16 0.031125804 91 12 235 148
11 0.030420924 144 36 271 133
19 0.024435427 92 58 217 183
3 0.022485577 92 58 217 183
8 0.020186901 88 65 234 178
11 0.018434048 118 102 212 210
8 0.018426277 97 42 225 139
17 0.017960759 130 36 270 207
17 0.01747113 169 0 251 98
