11 0.32164007 131 70 269 167
11 0.14222464 87 58 238 180
11 0.039528362 65 88 278 212
20 0.03837607 149 59 253 187
11 0.028583845 147 26 251 148
8 0.023962462 149 59 253 187
17 0.02037489 149 59 253 187
11 0.02019329 110 12 210 165
13 0.019357925 149 59 253 187
11 0.015258935 131 110 274 196
20 0.012788861 116 52 223 194
3 0.01257347 149 59 253 187
11 0.01212892 249 13 320 154
17 0.011321923 93 63 294 240
17 0.011299967 131 110 274 196
16 0.010956036 77 38 311 210
16 0.010905858 149 59 253 187
3 0.010856841 77 38 311 210
11 0.010336731 133 46 193 127
