11 0.23659836 104 41 211 136
11 0.107192144 109 69 205 176
11 0.09345409 93 38 236 195
11 0.035567515 164 64 241 184
11 0.0324252 38 19 202 216
11 0.023918675 144 45 274 189
11 0.023392905 126 78 186 154
11 0.019261703 102 110 211 204
11 0.018403407 151 29 246 148
11 0.016264444 63 55 171 186
17 0.01469718 92 29 233 223
16 0.013248855 65 42 243 207
11 0.013194056 115 137 199 240
11 0.0125952335 174 78 223 159
11 0.011807898 210 44 296 197
11 0.011096686 123 79 300 221
11 0.010662864 177 131 226 240
8 0.0105433995 92 29 233 223
11 0.009029874 183 11 320 235
