11 0.26583624 56 44 177 194
11 0.20541902 67 79 168 161
11 0.18090855 119 114 207 189
11 0.16350996 108 91 231 213
11 0.10369637 81 118 150 188
11 0.061765444 113 80 222 154
11 0.046676207 3 89 138 218
11 0.03855997 33 106 191 201
11 0.037839793 29 27 117 207
11 0.029922305 162 114 235 191
11 0.027421378 127 34 190 207
11 0.02276613 161 89 260 217
11 0.01746446 37 75 102 168
11 0.016761966 83 45 150 125
11 0.016376935 41 111 103 196
11 0.015947921 74 95 165 240
11 0.015257068 155 77 250 157
11 0.011101768 0 0 77 240
8 0.008965551 67 79 168 161
11 0.008290037 116 49 206 119
