11 0.52396977 66 47 171 191
11 0.2998702 89 67 149 176
11 0.16185743 115 77 223 218
11 0.09671636 149 80 262 221
11 0.06940002 131 20 190 216
11 0.06707324 172 100 233 202
11 0.045159284 140 71 189 168
11 0.024344297 116 24 206 149
11 0.019508645 178 12 234 222
11 0.018184466 176 136 226 230
20 0.015351493 79 53 153 183
11 0.01372163 177 73 234 163
11 0.012431323 152 3 253 169
11 0.011542043 135 124 188 240
11 0.010699817 137 49 184 125
11 0.009433189 116 28 297 210
11 0.009319242 86 127 141 235
