11 0.4783449 61 52 173 184
11 0.15254477 112 87 227 209
11 0.08994854 134 99 197 205
11 0.063014634 134 19 191 221
11 0.06003 55 104 179 201
11 0.04683226 139 71 193 167
11 0.046523664 152 85 259 219
11 0.04344086 174 103 226 202
11 0.029899277 83 30 237 222
11 0.025336714 109 25 210 148
11 0.024622582 33 15 105 220
11 0.015185651 128 46 190 127
11 0.013759149 137 131 187 238
11 0.013637455 177 20 232 216
20 0.013113575 76 35 153 203
11 0.012722444 41 69 97 173
11 0.012156281 81 4 144 169
11 0.012018031 178 70 234 166
