11 0.25089273 89 0 232 240
13 0.08524066 94 10 233 235
11 0.08274898 127 35 267 206
11 0.061311986 153 107 260 206
11 0.051832274 162 139 255 239
8 0.04692268 162 139 255 239
8 0.045684177 153 107 260 206
4 0.03249039 89 0 232 240
11 0.03209674 121 75 212 234
11 0.028563462 187 149 230 226
17 0.028382279 89 0 232 240
16 0.024207627 89 0 232 240
8 0.024103012 89 0 232 240
8 0.021917623 187 149 230 226
12 0.02137093 89 0 232 240
15 0.020300668 89 0 232 240
11 0.018385887 178 115 241 195
6 0.017818598 89 0 232 240
20 0.01732407 89 0 232 240
1 0.016083492 80 33 258 217
