11 0.35883635 95 0 302 240
11 0.08991 150 107 261 206
11 0.081561 176 83 239 227
11 0.07151101 154 139 267 235
17 0.06546862 79 0 240 240
11 0.048797775 187 143 233 234
8 0.046523944 150 107 261 206
13 0.044247694 87 15 236 229
8 0.034100316 154 139 267 235
16 0.03374867 79 0 240 240
7 0.028825684 75 37 261 215
17 0.02754993 123 31 272 205
15 0.027215531 95 0 302 240
11 0.021009542 134 113 183 240
8 0.019787649 79 0 240 240
11 0.01954677 118 56 204 240
3 0.019395042 75 37 261 215
8 0.018954305 187 143 233 234
