11 0.29830825 126 6 270 240
11 0.06627777 150 111 264 202
13 0.06479779 98 13 231 234
8 0.048443932 150 111 264 202
11 0.04678628 168 83 241 225
11 0.046397764 98 78 229 226
11 0.045678314 164 141 256 237
8 0.0434631 164 141 256 237
4 0.031243153 89 0 232 240
16 0.028528046 81 34 256 217
17 0.027655367 89 0 232 240
11 0.025887009 187 146 230 228
8 0.023127051 89 0 232 240
15 0.020381864 89 0 232 240
12 0.020146003 89 0 232 240
8 0.018979535 187 146 230 228
6 0.01776085 89 0 232 240
8 0.016124047 168 83 241 225
7 0.014686808 81 34 256 217
20 0.014584464 89 0 232 240
1 0.014493926 81 34 256 217
