3 0.14569443 157 37 274 204
3 0.14258052 80 46 320 191
11 0.10720955 157 37 274 204
17 0.085732386 127 31 292 148
17 0.08441246 80 46 320 191
20 0.08135132 157 37 274 204
3 0.07692112 127 31 292 148
17 0.071155146 157 37 274 204
11 0.045640327 127 31 292 148
16 0.041784115 157 37 274 204
20 0.04128751 112 21 235 225
20 0.03748582 80 46 320 191
8 0.035013575 134 39 281 208
21 0.033403374 134 39 281 208
16 0.032699667 80 46 320 191
11 0.032278333 80 46 320 191
19 0.0262543 112 40 296 204
20 0.023812354 127 31 292 148
8 0.02187836 63 72 248 225
