11 0.3744809 3 34 142 240
19 0.12849842 3 22 148 233
11 0.074454606 26 81 123 214
21 0.05563663 0 33 155 240
11 0.05157243 71 0 155 240
11 0.03945977 41 73 179 235
21 0.035412606 119 21 299 232
11 0.0340211 119 21 299 232
18 0.033886034 3 34 142 240
11 0.033663444 75 76 146 165
12 0.033198453 12 42 142 240
8 0.030647451 12 42 142 240
13 0.028494598 12 42 142 240
19 0.02752108 26 81 123 214
18 0.023782426 26 81 123 214
15 0.023538943 3 34 142 240
7 0.023054058 0 33 155 240
17 0.020176163 0 33 155 240
