11 0.37573597 0 1 228 240
3 0.20288022 15 57 222 190
17 0.11307978 15 57 222 190
13 0.042925745 12 12 225 221
15 0.040907916 15 57 222 190
11 0.037806578 0 52 320 192
3 0.03671211 33 18 275 229
1 0.03371855 15 57 222 190
11 0.027786255 80 34 233 198
17 0.023426112 33 18 275 229
11 0.020106347 114 97 213 215
16 0.017759154 0 1 228 240
11 0.016600199 134 140 188 235
3 0.015829487 107 79 215 240
19 0.015705599 15 57 222 190
11 0.015693035 73 49 156 240
7 0.015517206 15 57 222 190
21 0.013698621 15 57 222 190
