11 0.4228201 3 10 228 237
11 0.05209741 28 85 207 224
11 0.050856337 131 142 198 230
11 0.045758586 78 44 232 186
11 0.042570416 67 55 170 240
17 0.040811103 10 48 232 194
11 0.029983124 108 87 219 218
3 0.021715807 10 48 232 194
11 0.020151509 80 116 154 240
11 0.019275213 91 137 139 227
16 0.01724421 5 38 232 194
13 0.01653867 5 38 232 194
11 0.013785601 50 132 93 240
11 0.012922936 127 115 196 184
15 0.012916724 10 48 232 194
8 0.010579418 131 142 198 230
11 0.009683335 86 90 147 203
8 0.008801528 169 137 234 236
11 0.0087260725 139 174 183 240
