11 0.46747983 58 49 173 190
11 0.14235488 111 83 230 216
11 0.052669432 74 92 158 205
11 0.051227648 136 72 201 162
11 0.043623853 173 104 228 199
11 0.040263206 138 24 191 215
11 0.039683715 153 80 257 224
11 0.021856248 110 18 211 155
11 0.01839648 129 48 194 122
20 0.017039632 76 51 152 186
11 0.016354956 33 27 107 204
11 0.014097636 36 76 97 163
11 0.013550205 136 131 188 235
11 0.012887743 178 70 235 164
11 0.0115978345 39 102 100 200
8 0.011411697 79 68 159 171
16 0.010658721 58 49 173 190
11 0.010304949 80 5 147 167
11 0.0099425325 177 22 233 215
