11 0.2782671 54 57 178 179
11 0.16048087 68 85 167 156
11 0.14529864 116 112 205 191
11 0.13162327 99 88 236 213
11 0.072673656 78 118 152 186
11 0.065922126 117 83 217 148
11 0.037977457 21 55 126 240
11 0.03537874 169 114 228 189
11 0.028490206 125 39 189 200
11 0.024686307 34 104 193 200
11 0.016568528 35 111 107 198
11 0.016052024 33 73 105 172
11 0.015672693 164 81 240 150
11 0.011651495 155 74 250 222
11 0.01113697 112 24 218 150
11 0.010153721 136 133 185 235
11 0.010066603 79 50 151 119
11 0.009430739 63 15 155 159
8 0.008520489 68 85 167 156
8 0.007977508 116 112 205 191
11 0.0075944164 0 131 139 238
