11 0.10907332 102 28 220 149
11 0.027851261 92 75 247 226
17 0.025662975 111 53 221 188
20 0.024559602 111 53 221 188
3 0.021143824 111 53 221 188
16 0.019650549 111 53 221 188
3 0.018821396 49 27 255 220
11 0.017552204 106 107 224 202
17 0.014123976 49 27 255 220
16 0.014098785 49 27 255 220
13 0.012368976 111 53 221 188
11 0.012129164 149 58 256 180
9 0.011333982 49 27 255 220
10 0.010728208 111 53 221 188
8 0.01053751 111 53 221 188
17 0.009806485 112 151 214 233
9 0.00897015 98 57 236 179
8 0.008938224 120 147 204 227
