11 0.39925224 0 13 235 235
11 0.08688231 72 45 239 185
11 0.06658605 133 136 191 235
11 0.056738485 50 46 186 240
17 0.045924697 12 53 228 188
11 0.038580913 109 80 213 226
11 0.030668212 60 85 271 229
3 0.026724791 12 53 228 188
11 0.022739282 92 138 135 226
11 0.021317085 83 112 153 240
1 0.017535828 12 53 228 188
17 0.016795866 93 36 212 207
11 0.015040387 128 112 194 186
11 0.014416932 89 94 142 201
11 0.013710907 38 0 199 173
16 0.013650247 9 32 230 199
8 0.013216637 133 136 191 235
11 0.011659498 52 135 91 239
