11 0.37213746 85 0 234 240
11 0.22189088 107 29 303 218
11 0.07737523 153 102 257 211
11 0.057327397 155 137 268 236
13 0.05145827 91 6 232 238
17 0.04871048 85 0 234 240
11 0.04180341 185 141 232 235
7 0.031934887 77 37 259 213
8 0.0316988 153 102 257 211
16 0.02892642 85 0 234 240
8 0.026417745 155 137 268 236
4 0.026377609 85 0 234 240
15 0.023828577 105 0 295 240
17 0.019714583 126 23 269 212
12 0.01915252 85 0 234 240
8 0.018971087 85 0 234 240
11 0.018512566 135 114 184 240
11 0.017742738 120 47 203 240
