11 0.16495846 96 36 219 136
11 0.11942276 129 51 193 116
11 0.053420205 92 64 223 180
11 0.033868995 81 9 242 231
11 0.02514684 100 107 224 206
11 0.016473083 51 16 176 154
11 0.016143374 119 88 202 148
21 0.01484138 129 51 193 116
11 0.014350746 150 57 258 185
17 0.0127816405 81 9 242 231
11 0.011868574 167 89 251 219
11 0.011003229 139 24 259 144
11 0.010328814 130 100 293 201
11 0.010000922 107 136 214 238
20 0.009584276 111 21 213 157
16 0.009469964 81 9 242 231
16 0.009302564 100 107 224 206
11 0.009075887 72 0 152 131
10 0.008933137 129 51 193 116
8 0.0080290325 107 101 214 195
17 0.008004082 100 107 224 206
8 0.0077669933 81 9 242 231
