11 0.3283493 95 0 307 237
11 0.108855166 149 116 269 196
11 0.06202845 175 84 244 226
8 0.05807092 149 116 269 196
11 0.05475973 153 142 270 231
17 0.05407151 84 0 242 240
16 0.03872198 84 0 242 240
11 0.032399505 134 120 181 240
11 0.030859679 183 137 233 235
13 0.02832779 88 1 236 240
11 0.027107026 195 116 298 202
7 0.026125636 85 33 253 216
11 0.025017444 117 45 207 240
4 0.02339359 84 0 242 240
11 0.022385294 93 140 144 239
8 0.02235534 84 0 242 240
8 0.022319617 116 43 284 195
11 0.020234382 123 14 274 158
