11 0.3545238 125 33 270 213
11 0.3191378 83 11 237 236
11 0.1710139 153 111 260 199
11 0.13941541 167 71 250 239
11 0.12268696 161 148 261 224
11 0.09809801 186 137 233 233
11 0.08407824 123 41 208 240
8 0.060527563 153 111 260 199
16 0.04245101 84 27 252 223
13 0.038118586 95 11 238 237
17 0.03623796 83 11 237 236
8 0.03531976 161 148 261 224
17 0.030498084 133 43 265 198
11 0.02496487 228 131 260 239
11 0.024841866 192 109 296 210
12 0.024341257 83 11 237 236
4 0.023511296 83 11 237 236
11 0.022626968 228 114 266 194
8 0.022455882 133 43 265 198
8 0.02206536 167 71 250 239
