11 0.24679375 55 56 176 183
11 0.17547424 120 109 204 194
11 0.15917078 71 84 165 157
11 0.15193346 99 87 236 216
11 0.07481948 29 33 119 205
11 0.072985835 81 114 150 191
11 0.06525564 119 82 217 152
11 0.03836221 130 32 187 206
11 0.034433305 168 111 228 192
11 0.03277345 0 93 143 218
11 0.028932204 35 70 103 174
11 0.028016513 39 109 105 200
11 0.025023928 32 105 194 202
11 0.016569141 164 78 241 153
11 0.013924413 160 76 244 219
11 0.012292146 150 60 272 178
11 0.011845004 67 11 154 164
11 0.0114817135 84 49 147 121
11 0.009874867 134 129 187 237
8 0.00983788 120 109 204 194
11 0.00954115 65 101 168 240
8 0.009428157 71 84 165 157
11 0.008861764 0 24 72 214
