11 0.39356333 2 10 227 234
17 0.100636125 2 10 227 234
17 0.037720725 86 26 224 203
11 0.0333222 32 48 287 195
11 0.032268308 34 85 194 225
11 0.025663706 78 74 254 234
8 0.024690546 129 136 194 240
11 0.02449156 97 28 208 217
16 0.023678277 2 10 227 234
3 0.02127433 13 43 221 202
11 0.021050656 129 136 194 240
20 0.019872451 26 18 202 210
11 0.017637307 44 0 190 172
11 0.015842726 87 132 134 236
8 0.015602087 2 10 227 234
17 0.0145310685 32 48 287 195
11 0.013564128 44 132 91 240
11 0.013433895 84 87 140 212
