11 0.28419495 93 0 231 240
11 0.19718684 125 34 272 207
17 0.09805528 93 0 231 240
11 0.08063317 143 114 276 198
11 0.0581418 152 139 272 235
16 0.05654625 93 0 231 240
11 0.048896756 176 93 242 216
11 0.043187432 178 138 237 239
17 0.04315588 125 34 272 207
13 0.037842344 83 34 241 211
8 0.034150727 143 114 276 198
11 0.031197727 127 122 191 240
7 0.026030866 87 39 250 212
15 0.023808034 93 0 231 240
11 0.023434557 118 79 212 225
12 0.019861856 93 0 231 240
8 0.017417852 152 139 272 235
8 0.017241944 93 0 231 240
16 0.01683539 110 55 298 192
