11 0.17894036 103 27 206 145
11 0.09827244 129 50 185 115
11 0.047064554 82 16 235 224
11 0.042225577 57 2 180 167
11 0.03877553 108 63 223 174
17 0.029519692 82 16 235 224
11 0.02497114 113 98 210 212
11 0.02459495 85 38 154 128
11 0.021493929 124 85 189 148
21 0.019354392 129 50 185 115
11 0.014213639 163 58 247 185
8 0.013424838 82 16 235 224
11 0.0120107075 86 74 158 160
11 0.009842027 77 85 177 219
17 0.009775149 107 23 209 154
20 0.009555972 107 23 209 154
10 0.009341309 129 50 185 115
11 0.008180994 147 16 256 153
8 0.00765886 119 102 197 194
11 0.0075070146 150 100 279 201
8 0.0071108374 129 50 185 115
11 0.0070085153 130 0 283 240
8 0.006978839 107 23 209 154
