11 0.18626492 90 46 222 192
9 0.10359099 73 60 240 183
11 0.08913671 32 0 286 240
16 0.08557973 73 60 240 183
19 0.080796026 73 60 240 183
16 0.054012053 32 0 286 240
16 0.035161104 40 40 190 197
20 0.03436179 90 46 222 192
9 0.03366047 40 40 190 197
16 0.030575898 172 0 255 111
17 0.029701073 90 46 222 192
11 0.02941592 172 0 255 111
11 0.023527302 119 85 198 229
8 0.02347206 32 0 286 240
20 0.021119863 32 0 286 240
17 0.020826247 32 0 286 240
20 0.01893991 172 0 255 111
19 0.018101828 40 40 190 197
9 0.016894275 32 0 286 240
15 0.016804503 73 60 240 183
1 0.016160034 73 60 240 183
17 0.016152266 172 0 255 111
