11 0.13286127 104 22 205 147
11 0.060269535 128 52 187 112
11 0.04032163 63 6 174 160
11 0.02684201 83 13 232 221
11 0.02490806 101 61 229 174
11 0.023686845 86 44 155 120
17 0.020682147 83 13 232 221
11 0.018426906 115 99 205 210
21 0.013232553 128 52 187 112
11 0.011286734 163 55 245 188
17 0.010148502 105 22 209 149
20 0.009942247 105 22 209 149
11 0.009455912 127 90 187 144
11 0.008609626 79 91 175 213
10 0.007844396 128 52 187 112
11 0.0076284725 145 101 283 200
11 0.007563951 86 81 157 152
16 0.006846721 64 57 249 238
17 0.006684365 115 99 205 210
4 0.0065029096 128 52 187 112
11 0.00646379 210 85 302 217
8 0.0063887215 64 57 249 238
