11 0.09527803 104 6 216 159
11 0.049938522 119 39 195 118
16 0.02986484 93 83 225 210
17 0.027071377 83 46 233 190
11 0.022191329 112 105 214 208
16 0.022163091 121 43 289 240
11 0.020653041 71 57 249 170
16 0.01956754 76 2 227 240
11 0.017846774 171 84 248 221
17 0.01721967 98 37 215 134
8 0.017085114 56 81 263 220
8 0.0155608235 121 94 193 195
21 0.015057629 119 39 195 118
11 0.014400213 72 0 166 176
10 0.014316526 119 39 195 118
8 0.012957357 119 39 195 118
16 0.012894005 71 57 249 170
20 0.0122287795 98 37 215 134
11 0.010014032 88 38 238 122
8 0.009788558 83 46 233 190
11 0.009674394 132 93 287 200
8 0.009159877 122 71 190 148
