11 0.3258459 113 11 284 230
11 0.09465206 131 54 270 187
8 0.09442367 149 115 263 196
11 0.06945431 166 83 245 225
8 0.065009534 160 149 264 226
11 0.064849906 149 115 263 196
11 0.05531435 86 72 237 226
11 0.049146336 160 149 264 226
11 0.048004474 122 50 203 240
13 0.04458626 95 12 236 235
11 0.038505293 190 142 230 228
16 0.034723423 83 39 252 209
8 0.033819824 166 83 245 225
8 0.03381621 80 0 241 240
4 0.02913708 80 0 241 240
8 0.02815854 190 142 230 228
20 0.027459597 113 11 284 230
20 0.023384904 131 54 270 187
17 0.02260889 80 0 241 240
11 0.021736259 180 117 238 192
6 0.021116422 80 0 241 240
8 0.019708503 131 54 270 187
