11 0.25577798 131 72 267 166
11 0.10888138 121 54 219 193
11 0.038080305 78 41 311 208
11 0.033809725 153 36 245 142
11 0.026212918 125 93 288 204
20 0.022889692 150 54 248 190
11 0.022487203 92 112 235 196
11 0.017395666 72 118 257 240
11 0.015867213 252 15 320 151
17 0.015545703 151 147 256 235
13 0.015227472 150 54 248 190
17 0.014525714 150 54 248 190
16 0.012723867 78 41 311 208
17 0.012482621 52 28 255 222
11 0.011725725 203 13 301 158
3 0.011295542 78 41 311 208
3 0.011241348 150 54 248 190
8 0.011202211 150 54 248 190
10 0.0100956 150 54 248 190
