17 0.14431137 72 40 320 201
11 0.13959657 161 60 265 175
11 0.109645545 72 40 320 201
17 0.105084874 161 60 265 175
8 0.05247604 161 60 265 175
16 0.0449546 72 40 320 201
16 0.03814375 161 60 265 175
8 0.03714661 72 40 320 201
3 0.034236565 72 40 320 201
11 0.029666565 162 12 249 150
11 0.026334357 205 63 295 177
17 0.024899816 162 12 249 150
3 0.024286773 162 45 250 179
20 0.019983755 161 60 265 175
17 0.019815104 30 18 293 148
19 0.018141951 162 45 250 179
17 0.016726196 108 27 218 142
13 0.0135019645 72 40 320 201
20 0.012855462 72 40 320 201
11 0.010997983 155 0 320 173
