11 0.26426622 90 0 233 240
11 0.086837836 129 31 265 209
13 0.082645655 83 1 243 240
11 0.06896585 153 108 258 203
8 0.056156002 163 143 254 235
11 0.05160182 163 143 254 235
8 0.04128119 153 108 258 203
4 0.031937137 90 0 233 240
11 0.030613877 120 75 212 234
17 0.029187381 90 0 233 240
11 0.027285784 188 146 227 227
8 0.025295647 188 146 227 227
15 0.023295077 90 0 233 240
1 0.022253212 74 26 264 224
3 0.021690726 74 26 264 224
16 0.020343265 74 26 264 224
12 0.018378517 90 0 233 240
8 0.01814032 90 0 233 240
7 0.018140143 74 26 264 224
11 0.017849792 178 118 237 191
19 0.016532231 74 26 264 224
