11 0.2750878 90 0 233 240
11 0.15573315 128 32 271 207
17 0.10652395 90 0 233 240
16 0.073196374 90 0 233 240
11 0.056652054 145 109 275 206
13 0.0432879 86 31 237 210
17 0.041386317 128 32 271 207
8 0.039037183 145 109 275 206
11 0.034654614 178 97 243 212
8 0.031176556 90 0 233 240
7 0.027609317 86 48 254 201
4 0.027318299 90 0 233 240
11 0.026802134 128 121 187 240
11 0.026224157 176 139 234 236
12 0.022010509 90 0 233 240
8 0.021500126 128 32 271 207
21 0.02044894 86 31 237 210
20 0.01812706 90 0 233 240
