11 0.23014948 63 40 168 192
11 0.18149938 79 74 158 163
11 0.16922748 109 83 223 214
11 0.12995599 123 107 202 193
11 0.059428144 135 34 191 203
11 0.05633708 83 104 153 194
11 0.04570913 134 72 202 161
11 0.03336862 13 49 131 240
11 0.026099682 30 105 200 199
11 0.023028245 173 103 222 200
11 0.016526576 35 76 99 163
11 0.016522167 156 69 254 232
11 0.015006471 135 131 185 232
11 0.014501735 89 47 145 123
11 0.014059019 171 72 233 164
11 0.012898178 61 104 170 240
11 0.012404027 110 16 212 157
11 0.0112448735 33 104 101 200
11 0.011052633 178 136 221 236
11 0.009656333 181 22 232 212
11 0.008150544 129 52 198 117
