11 0.09494981 96 34 224 144
11 0.029574016 90 80 245 218
20 0.017416162 106 48 225 195
11 0.015528677 151 28 249 149
3 0.0144283 51 32 253 215
3 0.0143989865 106 48 225 195
17 0.013866043 106 48 225 195
16 0.013771045 51 32 253 215
17 0.013582101 105 156 221 228
16 0.012129611 106 48 225 195
8 0.012090723 125 145 197 226
11 0.011227242 133 61 278 173
9 0.010940281 51 32 253 215
11 0.010325291 105 156 221 228
8 0.009855468 169 133 238 230
10 0.009774428 106 48 225 195
17 0.008770611 51 32 253 215
13 0.008694879 106 48 225 195
11 0.008365065 256 14 320 151
8 0.008256255 106 48 225 195
17 0.007697039 159 140 251 240
