12 0.07808259 131 105 194 198
20 0.063578606 131 105 194 198
6 0.032070268 131 105 194 198
12 0.023488773 98 80 218 230
7 0.023200065 131 105 194 198
21 0.022639649 134 95 194 203
4 0.021844095 131 105 194 198
21 0.017643299 16 0 298 240
12 0.017583894 167 102 231 198
20 0.017068598 156 93 240 211
17 0.016692786 119 92 201 218
3 0.013861407 131 105 194 198
21 0.013173811 78 20 239 229
4 0.012573917 98 80 218 230
17 0.010801614 0 3 320 240
18 0.010367396 131 105 194 198
2 0.010050717 131 105 194 198
12 0.009621344 127 74 267 237
21 0.009193617 118 58 204 183
