20 0.04650416 71 55 153 230
20 0.032722473 123 82 190 208
20 0.031651236 98 63 219 220
20 0.021196427 173 76 229 213
20 0.018023469 118 117 203 240
8 0.017465204 75 65 157 228
20 0.013495388 177 11 229 154
20 0.012976822 144 61 257 229
8 0.010234882 118 117 203 240
16 0.00981705 75 65 157 228
8 0.009732984 123 82 190 208
16 0.009364839 259 58 320 240
7 0.008157387 123 82 190 208
20 0.007721619 130 7 186 156
20 0.0076602683 223 0 279 169
20 0.007533167 225 65 294 229
20 0.0069663697 270 0 318 175
16 0.0067939335 156 118 255 240
