12 0.32392755 188 63 217 167
8 0.25676486 172 30 248 201
12 0.1829393 191 37 223 143
12 0.17375247 172 30 248 201
8 0.13737239 188 63 217 167
20 0.06864366 188 63 217 167
20 0.067968264 162 25 231 210
12 0.031939577 185 94 224 201
20 0.03127318 191 37 223 143
7 0.028636899 188 63 217 167
8 0.02354042 185 94 224 201
20 0.023000628 185 94 224 201
6 0.022849843 191 37 223 143
6 0.020754533 188 63 217 167
7 0.020247206 162 25 231 210
8 0.017105049 191 37 223 143
4 0.01354317 173 20 249 161
12 0.01303361 141 50 184 181
4 0.011685396 191 37 223 143
7 0.010713557 185 94 224 201
13 0.010513608 188 63 217 167
13 0.0097048385 191 37 223 143
4 0.009425322 188 63 217 167
