12 0.2834623 143 52 192 180
12 0.19163829 133 34 185 143
20 0.1829135 148 28 184 200
20 0.12472857 124 41 202 198
6 0.050476212 143 52 192 180
12 0.04458316 162 48 228 186
20 0.044076134 133 34 185 143
20 0.036886632 162 48 228 186
6 0.036686897 133 34 185 143
7 0.028975995 124 41 202 198
7 0.02810312 148 28 184 200
6 0.026692437 224 95 285 208
4 0.024126297 143 52 192 180
12 0.023824228 83 32 132 133
12 0.021787174 117 21 206 229
12 0.019968355 89 61 143 164
6 0.016078403 162 48 228 186
2 0.01425885 143 52 192 180
20 0.013911901 224 95 285 208
6 0.013223862 83 32 132 133
4 0.012805075 162 48 228 186
4 0.012459471 133 34 185 143
