12 0.29283446 159 30 225 150
12 0.2130048 138 38 191 136
12 0.20877914 144 62 195 168
20 0.13072914 178 16 210 218
20 0.10042999 159 30 225 150
12 0.07960319 178 16 210 218
12 0.07562806 124 20 209 214
6 0.07418996 165 53 224 180
6 0.062886685 138 38 191 136
20 0.058806736 146 5 185 170
20 0.054878276 138 38 191 136
12 0.04883238 152 7 188 219
20 0.042933673 124 20 209 214
12 0.040658306 83 39 134 125
6 0.03349457 144 62 195 168
6 0.027418988 178 16 210 218
4 0.024973212 159 30 225 150
6 0.02207426 223 95 286 209
12 0.021320254 91 67 136 158
12 0.016346501 53 32 101 131
7 0.01528608 159 30 225 150
7 0.014124684 178 16 210 218
20 0.013484696 143 56 263 240
