20 0.3039287 172 20 226 215
20 0.20123456 140 26 197 214
20 0.114194505 135 65 183 172
20 0.104907475 134 46 176 137
8 0.10061357 140 26 197 214
8 0.07789448 170 62 222 176
8 0.07762227 135 65 183 172
20 0.07238331 169 45 220 140
21 0.060459387 179 0 221 196
20 0.0590047 76 26 160 215
12 0.047014963 169 45 220 140
21 0.04688824 169 45 220 140
16 0.04341784 172 20 226 215
6 0.043092523 169 45 220 140
8 0.042393245 126 106 211 240
21 0.041520998 134 46 176 137
16 0.041445684 140 26 197 214
21 0.03826976 143 16 188 164
12 0.03368888 172 20 226 215
