20 0.12036553 174 15 231 220
20 0.10307688 134 49 175 134
20 0.09392383 138 25 195 214
20 0.07960311 175 50 218 137
8 0.068631284 138 25 195 214
20 0.066257395 133 70 182 165
21 0.059092794 181 0 222 194
8 0.055217445 133 70 182 165
12 0.05182323 175 50 218 137
20 0.049428035 77 24 159 216
6 0.047206935 175 50 218 137
21 0.039150555 175 50 218 137
16 0.03859432 138 25 195 214
8 0.038171925 172 65 221 171
8 0.0376827 174 15 231 220
16 0.036628753 174 15 231 220
21 0.03553269 134 49 175 134
21 0.034108717 144 20 189 163
16 0.02803857 133 70 182 165
8 0.026320383 121 143 195 223
13 0.02543457 134 49 175 134
21 0.02406666 77 24 159 216
21 0.023692423 133 70 182 165
