8 0.29024372 171 46 247 189
12 0.28144237 187 61 219 168
8 0.17926317 187 61 219 168
12 0.16055779 171 46 247 189
20 0.090585746 162 34 234 203
20 0.06938383 187 61 219 168
8 0.025011891 187 89 225 202
6 0.024389056 187 61 219 168
7 0.023386998 187 61 219 168
12 0.02039475 187 89 225 202
20 0.017055145 187 89 225 202
7 0.015518345 162 34 234 203
4 0.013278723 162 34 234 203
4 0.012376232 187 61 219 168
20 0.009944453 145 62 268 240
13 0.009390165 187 61 219 168
7 0.008042465 187 89 225 202
20 0.007943366 200 9 280 230
12 0.007705892 140 51 182 180
