12 0.41404045 151 40 267 240
12 0.26932636 105 18 233 240
12 0.25647235 132 55 202 240
17 0.12537363 138 67 264 240
12 0.10773259 169 45 237 205
17 0.107153244 72 78 237 236
21 0.10652849 151 40 267 240
20 0.09210926 126 54 190 191
12 0.08979286 130 58 180 188
21 0.07620021 105 18 233 240
20 0.06614703 86 0 243 240
20 0.06515566 164 40 242 240
12 0.052402023 173 106 238 240
12 0.049839765 210 77 283 226
12 0.046294853 194 55 312 240
4 0.04172407 151 40 267 240
12 0.041479077 137 33 176 151
4 0.03838186 105 18 233 240
