6 0.036632344 178 92 220 207
21 0.029097151 10 0 309 240
12 0.020414025 178 92 220 207
20 0.017844152 178 92 220 207
21 0.013291354 167 0 320 239
12 0.0121108405 176 123 227 240
21 0.01091539 74 28 238 217
17 0.0076145125 146 79 254 230
6 0.006947703 176 123 227 240
12 0.0068662874 224 130 270 240
13 0.0067252014 178 92 220 207
12 0.0060980613 222 179 281 240
6 0.0058866586 138 96 192 204
17 0.0055970717 27 37 189 203
1 0.0055874013 10 0 309 240
17 0.005534388 176 95 235 213
21 0.005499885 27 37 189 203
