12 0.33643577 147 63 192 167
12 0.22520027 136 35 188 138
20 0.09884223 150 29 182 199
20 0.08529394 147 63 192 167
12 0.0680997 150 29 182 199
6 0.054560382 136 35 188 138
12 0.044885486 159 47 231 184
6 0.042310573 147 63 192 167
12 0.039942157 80 25 136 137
12 0.03610918 94 67 139 158
20 0.03407904 136 35 188 138
7 0.027236912 150 29 182 199
20 0.02460549 159 47 231 184
2 0.023019383 147 63 192 167
20 0.01983422 174 38 211 199
7 0.017640041 147 63 192 167
7 0.012221921 113 21 207 232
12 0.0122040305 113 21 207 232
12 0.012005336 174 38 211 199
20 0.011197031 223 80 286 218
2 0.010980051 133 33 194 203
6 0.010892038 94 67 139 158
6 0.0106655 80 25 136 137
6 0.0106475735 223 80 286 218
