20 0.064466946 103 56 216 227
20 0.052957162 120 73 188 213
20 0.04429173 74 45 160 240
8 0.030440936 75 61 156 227
8 0.024233213 120 73 188 213
20 0.016693523 172 75 230 212
20 0.016201328 152 55 252 234
12 0.01504511 103 56 216 227
16 0.014176655 120 73 188 213
7 0.0128937755 119 39 186 185
4 0.012728793 103 56 216 227
16 0.012698043 75 61 156 227
4 0.0118980715 120 73 188 213
20 0.01044717 174 0 231 174
16 0.00927722 103 56 216 227
20 0.008975684 224 0 278 187
7 0.008274562 103 56 216 227
8 0.008214565 103 56 216 227
12 0.006750558 74 45 160 240
