12 0.30678496 31 70 93 227
12 0.09409259 276 79 320 171
20 0.05786782 41 42 82 240
6 0.039230656 41 42 82 240
12 0.037117846 1 80 49 228
4 0.036912736 31 70 93 227
20 0.030713063 276 79 320 171
12 0.028940435 3 69 134 239
20 0.02314266 262 39 320 214
4 0.020259848 276 79 320 171
12 0.019684605 44 57 84 200
20 0.01875229 0 64 63 240
20 0.016027492 25 69 102 240
16 0.01594244 31 70 93 227
6 0.01443588 276 79 320 171
8 0.013069503 276 79 320 171
8 0.012630992 31 70 93 227
21 0.010998384 3 69 134 239
4 0.010384234 3 69 134 239
