12 0.043724 139 108 189 195
20 0.026550611 139 108 189 195
12 0.024025336 171 103 226 196
21 0.020630931 0 0 239 240
20 0.014940884 171 103 226 196
6 0.014206151 139 108 189 195
12 0.010381384 140 130 195 240
12 0.009874005 110 88 211 223
21 0.009093837 152 0 320 189
4 0.007964037 139 108 189 195
20 0.0075848117 110 88 211 223
21 0.0074614766 131 89 200 205
21 0.00743533 88 77 231 234
17 0.0074234144 0 26 216 216
12 0.006558091 222 97 272 205
12 0.0061364667 144 77 252 231
7 0.0058216243 139 108 189 195
15 0.0056599285 0 0 239 240
