12 0.2997965 136 38 187 137
12 0.29822558 145 56 193 171
20 0.15971787 152 0 187 224
12 0.15209225 133 30 199 206
20 0.1193888 145 56 193 171
12 0.105876766 152 0 187 224
12 0.09735352 162 42 226 191
20 0.09261611 176 13 208 222
20 0.082960814 162 42 226 191
20 0.07987019 133 30 199 206
12 0.071176894 82 30 134 135
20 0.065068774 136 38 187 137
6 0.056988645 136 38 187 137
12 0.044854783 176 13 208 222
6 0.033596087 145 56 193 171
12 0.027656622 93 61 138 162
12 0.024696635 53 25 102 140
6 0.02120182 160 24 222 156
7 0.016998813 152 0 187 224
12 0.01614499 65 0 146 187
7 0.014337783 133 30 199 206
4 0.01398908 162 42 226 191
6 0.0125844935 225 89 284 213
7 0.012584368 145 56 193 171
