20 0.19973463 188 73 225 161
12 0.14952156 191 47 230 136
20 0.14329399 191 47 230 136
12 0.12445877 188 73 225 161
20 0.11835352 174 43 252 191
8 0.07393504 188 73 225 161
12 0.058958184 174 29 253 152
8 0.030181706 174 29 253 152
20 0.029640231 184 100 228 198
20 0.027570348 144 16 266 234
8 0.018989505 191 47 230 136
20 0.01538964 225 60 262 182
20 0.012713785 207 15 280 224
20 0.012314183 186 0 319 240
20 0.012182247 81 0 240 240
11 0.01198785 188 73 225 161
12 0.010535866 166 46 238 197
12 0.010303208 184 100 228 198
7 0.010153911 188 73 225 161
8 0.01006442 166 46 238 197
20 0.009633063 115 33 201 208
8 0.009151365 184 100 228 198
20 0.0082875835 139 72 182 169
6 0.0075673605 191 47 230 136
21 0.0075537297 188 73 225 161
