12 0.36493158 128 23 192 148
12 0.1237948 121 33 209 195
20 0.10941857 146 19 186 206
12 0.10505219 146 19 186 206
6 0.08407281 128 23 192 148
20 0.07879305 121 33 209 195
20 0.049176596 128 23 192 148
12 0.0482993 157 47 232 182
7 0.04107689 121 33 209 195
12 0.03921446 77 27 143 137
7 0.024867857 146 19 186 206
6 0.022052828 145 9 180 162
12 0.020188818 82 61 146 165
7 0.019453706 128 23 192 148
6 0.019446028 271 157 320 212
6 0.01672509 121 33 209 195
2 0.014960894 121 33 209 195
20 0.014057272 174 40 216 193
4 0.013661731 128 23 192 148
2 0.011630839 146 19 186 206
