12 0.23208731 185 73 228 168
8 0.1904567 167 46 250 196
12 0.17927901 167 46 250 196
20 0.1256451 167 46 250 196
20 0.12343813 185 73 228 168
8 0.098130055 185 73 228 168
6 0.034685783 185 73 228 168
7 0.028016983 185 73 228 168
4 0.026774524 165 47 233 190
4 0.026588809 185 73 228 168
12 0.021229733 144 67 186 173
12 0.019803183 119 41 220 201
13 0.01808532 185 73 228 168
7 0.017592344 165 47 233 190
20 0.013150321 119 30 199 211
20 0.0130952615 95 1 228 240
20 0.010760119 132 44 279 240
20 0.010364766 144 67 186 173
20 0.009508793 204 17 297 228
