12 0.08925057 141 121 181 240
12 0.084528714 127 35 195 240
12 0.034679864 175 115 229 240
19 0.027839838 122 9 291 239
12 0.027802177 112 31 296 216
12 0.027575161 158 3 262 240
21 0.025467124 122 9 291 239
12 0.02075212 47 56 96 184
20 0.019556738 29 34 116 203
12 0.016237095 82 58 132 184
20 0.01605811 127 35 195 240
12 0.015965857 164 51 243 195
12 0.014126577 79 102 147 240
20 0.013448115 158 3 262 240
12 0.012327159 92 135 135 240
12 0.011984498 69 29 147 206
20 0.011691664 141 121 181 240
12 0.011540942 207 105 294 240
12 0.011467788 29 34 116 203
