12 0.2920652 146 63 192 167
12 0.24040832 137 42 186 135
12 0.16233835 164 52 223 183
12 0.1024362 130 33 202 204
20 0.10105958 153 17 187 210
20 0.09790627 176 29 209 208
20 0.08762783 164 52 223 183
20 0.08064907 146 63 192 167
12 0.07555663 153 17 187 210
20 0.060621906 137 42 186 135
6 0.059091803 137 42 186 135
12 0.057547554 176 29 209 208
20 0.057040434 130 33 202 204
6 0.041914623 146 63 192 167
12 0.04185795 84 38 132 127
6 0.041852653 164 52 223 183
12 0.020366991 91 66 138 159
12 0.01989104 54 35 99 130
4 0.016957851 161 29 221 152
6 0.01665721 223 93 285 210
20 0.010450096 222 94 287 208
20 0.010255161 150 54 259 240
7 0.009972396 153 17 187 210
12 0.009725115 150 54 259 240
