21 0.025891356 5 0 311 240
20 0.018308895 180 90 224 208
6 0.01786069 180 90 224 208
21 0.016344152 166 0 320 240
12 0.016032591 180 90 224 208
12 0.00881139 175 123 232 240
21 0.008140649 77 27 234 217
21 0.007189965 127 87 274 224
17 0.0062941625 134 67 268 236
7 0.0062870155 170 81 320 231
17 0.006003354 3 0 222 237
17 0.005782601 27 42 190 196
3 0.0055609033 169 31 320 211
6 0.0053405114 175 123 232 240
6 0.005240878 223 93 269 209
12 0.0052345204 222 129 272 240
21 0.0050535267 27 42 190 196
