20 0.08538969 110 66 205 219
20 0.08291552 79 68 153 218
20 0.030936431 117 48 187 177
20 0.030706698 159 43 245 240
16 0.023916686 78 65 157 227
8 0.022327092 78 65 157 227
8 0.018880213 118 79 195 210
4 0.018618256 110 66 205 219
16 0.018449035 118 79 195 210
20 0.018105144 100 122 219 236
12 0.016731665 110 66 205 219
20 0.013885954 176 41 229 185
20 0.013112066 71 116 169 240
17 0.012326118 79 68 153 218
7 0.010864288 117 48 187 177
11 0.0105637405 79 68 153 218
4 0.010440783 79 68 153 218
20 0.009847739 149 124 265 238
8 0.009588388 101 114 221 240
7 0.009579051 110 66 205 219
6 0.009318788 110 66 205 219
17 0.0088931015 152 85 252 240
