6 0.023176426 180 67 219 167
20 0.02051642 82 29 144 240
20 0.015965886 161 72 248 212
20 0.014032733 127 18 193 240
20 0.013961507 180 67 219 167
20 0.012809152 185 0 213 240
16 0.01280334 82 29 144 240
6 0.012766126 129 63 178 164
20 0.012514293 175 43 232 181
6 0.012358759 184 47 220 130
7 0.011908172 127 37 186 184
7 0.010708149 115 68 200 218
6 0.01045832 141 38 179 128
7 0.009152426 175 43 232 181
6 0.008917469 82 29 144 240
8 0.008686292 71 65 162 225
20 0.008494168 136 0 170 240
17 0.008138538 82 29 144 240
20 0.0073330784 129 63 178 164
7 0.0065646446 161 72 248 212
16 0.006436629 161 72 248 212
6 0.006087752 183 1 227 110
11 0.0058362167 82 29 144 240
16 0.005682474 257 54 320 240
6 0.0053552673 83 63 140 167
7 0.0051909634 71 65 162 225
8 0.005102059 115 68 200 218
