20 0.38951242 120 75 194 222
12 0.29469302 125 77 207 230
7 0.07216978 120 75 194 222
13 0.04110386 141 81 187 221
12 0.03584617 112 44 193 195
4 0.035007145 120 75 194 222
20 0.031706408 138 66 171 184
8 0.029075649 141 81 187 221
13 0.026396133 119 69 208 240
20 0.026203189 117 0 212 240
12 0.02276687 138 66 171 184
21 0.01913586 125 77 207 230
20 0.016342146 149 71 265 240
2 0.016197598 119 69 208 240
19 0.016133765 119 69 208 240
7 0.0153103 140 129 178 236
19 0.01511102 43 74 274 227
4 0.014836709 138 66 171 184
