21 0.037998095 0 0 313 240
20 0.017740663 175 98 224 202
12 0.01439672 175 98 224 202
20 0.011595463 141 94 191 206
17 0.011439527 2 31 214 209
21 0.0104460195 152 17 320 219
20 0.008332778 141 69 185 167
21 0.008032202 121 66 281 240
12 0.0076690093 141 94 191 206
20 0.0074237324 144 86 254 225
20 0.0071636853 180 64 220 168
3 0.0070809 0 0 313 240
12 0.006374175 173 128 227 237
15 0.0061374377 0 0 234 240
11 0.005573896 0 0 234 240
1 0.005455552 0 0 234 240
20 0.0051945522 100 85 220 231
17 0.0051337257 152 37 320 209
12 0.005116285 221 134 273 234
