20 0.09315135 124 19 197 215
20 0.04619942 168 19 245 217
20 0.044654697 75 15 161 224
16 0.027008014 124 19 197 215
21 0.027006632 124 19 197 215
20 0.024215804 126 38 168 144
12 0.023493757 124 19 197 215
8 0.02279542 124 19 197 215
21 0.021867385 174 0 232 195
21 0.01831136 126 38 168 144
20 0.017288735 168 32 228 136
12 0.016762529 170 37 220 142
12 0.016605463 126 38 168 144
21 0.016533364 170 37 220 142
12 0.016178643 78 0 151 199
20 0.01577222 77 24 140 144
6 0.015480983 78 48 132 130
12 0.015153045 174 0 232 195
6 0.013268697 126 38 168 144
16 0.013146937 75 15 161 224
12 0.013092017 78 48 132 130
