12 0.5460237 47 61 83 240
12 0.13012257 11 57 120 240
12 0.087648936 278 93 320 209
20 0.0638671 47 61 83 240
12 0.03661073 3 54 57 240
20 0.03351903 11 57 120 240
4 0.030476628 278 93 320 209
21 0.030474532 11 57 120 240
16 0.029968409 44 56 95 240
19 0.027715644 11 57 120 240
12 0.025497897 88 91 131 218
21 0.024897138 44 56 95 240
4 0.024708007 44 56 95 240
8 0.020574396 278 93 320 209
11 0.020492135 278 93 320 209
20 0.01960957 278 93 320 209
12 0.018050894 74 61 146 240
19 0.017913908 47 61 83 240
6 0.017244702 276 78 320 173
6 0.016288292 47 61 83 240
8 0.016087318 39 87 95 220
20 0.015677553 4 57 61 240
