20 0.06755191 108 64 202 221
20 0.043946557 81 60 151 228
20 0.039654035 115 50 186 174
20 0.030043436 123 0 180 231
8 0.02228064 68 66 165 226
4 0.020306908 108 64 202 221
8 0.018611526 108 71 199 216
20 0.015982512 159 41 246 240
20 0.015867371 172 78 234 207
16 0.015045423 108 71 199 216
16 0.0138346935 68 66 165 226
7 0.013304925 115 50 186 174
20 0.012826671 176 2 229 159
20 0.011794992 94 108 226 240
6 0.010778793 184 37 224 136
6 0.010221489 108 64 202 221
17 0.009738609 81 60 151 228
4 0.009534973 81 60 151 228
12 0.008837744 108 64 202 221
11 0.0087623205 81 60 151 228
20 0.00873846 186 6 222 105
6 0.0086303055 186 6 222 105
8 0.008536131 94 108 226 240
7 0.008439564 108 71 199 216
