20 0.10032638 88 63 145 226
20 0.08920786 118 61 198 228
20 0.04460592 171 66 232 220
20 0.04191474 126 39 180 188
20 0.034465477 149 50 252 240
8 0.029031008 81 66 150 224
8 0.02158233 120 64 189 224
16 0.020686284 88 63 145 226
20 0.017019466 104 112 221 240
20 0.014941826 179 0 227 180
6 0.013414598 181 36 224 142
7 0.012807822 126 39 180 188
7 0.012469871 118 61 198 228
4 0.01191645 88 63 145 226
20 0.011049427 75 103 166 240
16 0.010378991 120 64 189 224
7 0.009879909 88 63 145 226
6 0.009609859 120 54 187 174
