20 0.19151688 184 63 225 175
8 0.1611965 184 63 225 175
20 0.12581857 162 42 234 200
8 0.10782453 168 47 254 190
12 0.082517765 185 40 230 146
20 0.063091286 169 30 254 153
20 0.04830068 136 6 272 240
12 0.03658824 169 30 254 153
20 0.01754483 179 0 320 240
8 0.016523588 179 89 229 210
12 0.016405908 162 42 234 200
20 0.0156090595 179 89 229 210
11 0.012295854 184 63 225 175
20 0.011549793 106 38 207 206
20 0.011236236 217 28 288 216
21 0.010344007 184 63 225 175
20 0.009191676 224 50 263 196
13 0.0084143 184 63 225 175
20 0.0076661627 135 53 185 188
7 0.0075559667 184 63 225 175
16 0.006038324 184 63 225 175
