20 0.17725725 127 24 197 213
21 0.08457634 127 24 197 213
16 0.06480792 127 24 197 213
12 0.062976316 127 24 197 213
20 0.051183086 78 23 158 216
20 0.0492763 170 13 242 222
20 0.047320202 123 56 180 184
21 0.044753876 123 56 180 184
8 0.037526183 127 24 197 213
12 0.033186227 123 56 180 184
21 0.030600993 176 0 232 201
3 0.027149165 118 62 201 175
16 0.026501978 123 56 180 184
8 0.024300234 114 136 195 226
12 0.022132508 86 0 142 195
12 0.021297693 78 45 131 128
21 0.020802181 78 23 158 216
12 0.020670693 170 41 218 137
8 0.01984828 123 56 180 184
20 0.019675255 115 46 195 127
20 0.019432971 170 41 218 137
