20 0.15757753 129 25 183 211
20 0.087806754 119 70 194 165
21 0.065735266 119 70 194 165
20 0.05567367 179 19 228 216
20 0.052868396 86 18 148 217
21 0.04972944 129 25 183 211
16 0.049725108 119 70 194 165
8 0.036303326 119 70 194 165
8 0.032977622 129 25 183 211
16 0.024196718 129 25 183 211
20 0.023357127 171 66 225 175
4 0.022479776 119 70 194 165
21 0.02205449 86 18 148 217
11 0.021221155 179 19 228 216
21 0.019829504 179 19 228 216
16 0.01915765 79 43 152 190
21 0.018725803 103 64 208 230
16 0.018094363 170 40 236 192
20 0.017595224 83 74 136 163
5 0.016835755 129 25 183 211
16 0.014802263 83 74 136 163
8 0.0139341215 103 64 208 230
11 0.013087706 129 25 183 211
5 0.012751015 119 70 194 165
3 0.012739292 119 70 194 165
1 0.012483839 129 25 183 211
