12 0.3016998 130 59 195 172
20 0.1761463 139 23 192 204
12 0.123760596 124 35 190 134
6 0.04996808 130 59 195 172
7 0.047420144 115 36 202 198
6 0.044082277 124 35 190 134
12 0.025781672 110 21 212 233
2 0.021208324 115 36 202 198
19 0.019369429 139 23 192 204
20 0.019275852 124 35 190 134
12 0.01728555 80 64 147 164
6 0.016943183 270 159 320 212
12 0.014040164 73 38 141 128
12 0.01186814 156 56 239 173
7 0.0113290185 70 13 249 219
15 0.010178931 115 36 202 198
6 0.010114267 269 114 320 190
6 0.009044902 80 64 147 164
19 0.0081297355 110 21 212 233
7 0.0077721276 137 22 182 149
