20 0.1996587 128 23 196 212
21 0.065536864 128 23 196 212
16 0.058481365 128 23 196 212
8 0.058417067 128 23 196 212
20 0.05517911 80 15 154 221
20 0.047759596 170 14 239 221
12 0.045255385 128 23 196 212
20 0.043435473 126 36 169 145
8 0.03125232 119 133 188 227
12 0.022843594 79 45 133 130
21 0.021422472 126 36 169 145
20 0.02057755 79 45 133 130
3 0.02057008 118 60 202 176
12 0.01968928 88 0 142 195
20 0.018689059 172 42 217 136
21 0.018050762 178 0 229 196
21 0.017893791 80 15 154 221
20 0.016461108 80 66 134 170
