12 0.12411257 40 60 88 240
12 0.07872583 278 98 320 206
12 0.067674816 46 75 89 177
6 0.051630415 28 55 104 240
21 0.03935887 28 55 104 240
12 0.036708053 85 97 136 208
20 0.03432367 28 55 104 240
6 0.024374394 43 87 88 240
16 0.024120115 28 55 104 240
6 0.01750982 273 79 320 171
12 0.017291443 91 123 129 239
11 0.01723443 278 98 320 206
4 0.016546572 30 67 105 240
8 0.015486141 260 66 320 240
12 0.014405816 260 66 320 240
4 0.013858008 278 98 320 206
8 0.012880605 278 98 320 206
12 0.012472289 18 43 112 210
8 0.012005345 28 55 104 240
