8 0.14607868 181 60 221 175
20 0.1350561 181 60 221 175
8 0.109564446 169 57 254 180
20 0.1066404 169 57 254 180
12 0.10485806 181 60 221 175
12 0.041553088 169 35 250 150
20 0.03442235 135 14 274 232
12 0.02241291 162 45 231 199
20 0.01564307 181 0 314 240
20 0.013901092 153 62 244 239
6 0.013663224 184 32 226 150
20 0.013509528 113 42 202 203
20 0.013266026 217 29 282 215
20 0.011976887 222 50 261 192
7 0.01153566 181 60 221 175
11 0.010465908 181 60 221 175
21 0.010027509 181 60 221 175
20 0.008958215 75 32 245 240
16 0.008820067 181 60 221 175
