12 0.31538785 147 63 191 167
12 0.20325533 135 36 186 138
20 0.12943803 149 31 182 198
12 0.08310632 133 30 193 207
6 0.0644697 135 36 186 138
20 0.044621676 143 13 174 164
6 0.04462064 147 63 191 167
12 0.043670684 160 48 228 184
12 0.03823914 82 27 133 134
20 0.037553586 135 36 186 138
12 0.037496522 143 13 174 164
20 0.033923067 160 48 228 184
12 0.03201972 94 66 138 159
7 0.023363292 149 31 182 198
2 0.019198103 147 63 191 167
6 0.018381769 143 13 174 164
6 0.013686919 223 84 285 216
20 0.012103334 223 84 285 216
7 0.011522297 114 21 207 233
6 0.011446381 155 27 230 149
6 0.010956542 82 27 133 134
4 0.010742431 147 63 191 167
