12 0.33588699 35 57 92 239
12 0.058498386 279 94 320 212
4 0.050515994 35 57 92 239
12 0.044485457 0 65 130 240
20 0.044361115 35 57 92 239
12 0.03743804 49 78 84 177
12 0.030882511 0 58 64 240
21 0.026838802 35 57 92 239
6 0.024899779 35 57 92 239
20 0.021815611 0 58 64 240
16 0.021663247 35 57 92 239
11 0.019266317 279 94 320 212
20 0.018801644 277 78 320 174
4 0.018574815 277 78 320 174
21 0.0169252 0 65 130 240
6 0.015083424 277 78 320 174
8 0.014422366 277 78 320 174
8 0.014175944 42 64 84 240
