20 0.035991527 122 44 182 179
20 0.033041816 108 62 207 220
20 0.028357334 74 49 154 235
8 0.017766768 79 58 155 233
7 0.016605165 122 44 182 179
20 0.014184216 179 32 228 194
8 0.012250305 126 70 185 218
20 0.010356902 155 56 249 234
16 0.008643435 79 58 155 233
20 0.008240469 226 0 278 176
7 0.007941562 79 50 151 180
20 0.0076385136 271 0 319 175
16 0.007613752 259 56 320 240
7 0.0069121933 108 62 207 220
16 0.0067256023 126 70 185 218
20 0.006682518 179 0 228 128
6 0.0064112456 118 47 188 186
8 0.006252191 112 115 211 240
12 0.0062061315 108 62 207 220
20 0.0061448733 226 65 293 228
