8 0.21735848 130 90 187 210
19 0.09924698 130 90 187 210
18 0.09866471 130 90 187 210
2 0.08876712 121 72 194 230
5 0.06138017 130 90 187 210
20 0.038360458 131 102 191 205
15 0.023467004 130 90 187 210
14 0.020489762 131 102 191 205
8 0.020392701 154 98 229 210
18 0.019944107 154 98 229 210
2 0.012942866 154 98 229 210
19 0.012626918 154 98 229 210
5 0.010169246 154 98 229 210
19 0.009610061 106 91 208 240
18 0.009027025 112 13 196 238
12 0.008821474 131 102 191 205
19 0.0087043755 53 70 177 240
