18 0.098831095 93 26 226 217
8 0.049196444 153 43 251 129
19 0.041038886 79 31 240 213
2 0.038052153 93 26 226 217
8 0.037094835 87 59 223 176
14 0.033251148 93 26 226 217
15 0.02972869 93 26 226 217
12 0.029454308 87 59 223 176
8 0.028498812 100 45 217 132
12 0.027787894 153 43 251 129
8 0.026009982 151 70 245 167
11 0.024344672 79 31 240 213
18 0.019290695 153 0 249 240
17 0.017379204 93 26 226 217
12 0.01663152 136 0 277 181
14 0.016607717 153 43 251 129
8 0.016365547 101 94 210 207
7 0.015891703 93 26 226 217
12 0.015723297 101 94 210 207
12 0.015663942 77 0 245 240
12 0.015062874 151 70 245 167
15 0.014359827 153 43 251 129
