13 0.28851482 278 110 320 202
13 0.19947545 237 114 275 196
13 0.19199255 280 142 320 230
13 0.14160524 44 118 174 240
13 0.10920515 267 70 320 240
13 0.058469143 131 149 189 238
13 0.048263658 235 75 275 177
13 0.04220557 218 78 286 240
13 0.035252225 85 115 138 211
13 0.03153236 91 122 221 240
13 0.027300078 187 114 231 200
7 0.025879122 278 110 320 202
13 0.024037577 41 130 110 240
20 0.02239607 278 110 320 202
13 0.022342222 72 61 145 240
21 0.02209435 26 77 120 240
13 0.020382864 186 185 239 240
16 0.019416956 19 101 130 240
13 0.019350281 230 140 282 233
13 0.018589327 188 44 301 207
4 0.018375488 51 108 164 240
7 0.017536271 280 142 320 230
20 0.017024478 259 79 320 232
8 0.016690128 278 110 320 202
