19 0.22440226 105 31 209 240
19 0.12064824 60 62 256 233
15 0.09467047 113 82 200 227
21 0.07087523 105 31 209 240
20 0.060381327 105 31 209 240
19 0.06004178 83 83 168 229
21 0.050669942 63 50 176 240
12 0.040063377 105 31 209 240
18 0.035130773 113 82 200 227
2 0.03151052 105 31 209 240
12 0.028697543 265 83 320 236
15 0.028317025 63 50 176 240
12 0.027941437 63 50 176 240
18 0.027054064 265 83 320 236
2 0.024975587 265 83 320 236
8 0.023401555 105 31 209 240
19 0.0230998 265 83 320 236
2 0.020792648 63 50 176 240
