13 0.25963777 282 147 320 232
13 0.1919048 234 108 274 200
13 0.15699425 23 115 113 240
13 0.1519551 96 106 135 213
13 0.13243471 254 101 320 240
13 0.13116053 279 116 320 198
13 0.11082734 45 136 98 240
13 0.09490073 53 117 165 240
13 0.0824958 88 129 142 240
13 0.053489782 210 85 295 229
13 0.046089165 280 71 320 179
13 0.043797936 231 136 286 236
13 0.03425454 54 106 94 219
13 0.032754313 232 74 273 173
8 0.030531004 31 112 119 240
6 0.02848146 96 106 135 213
20 0.02716625 23 115 113 240
13 0.02646952 136 135 186 240
13 0.022724858 95 73 225 240
16 0.02272004 23 115 113 240
13 0.022281349 231 176 275 240
7 0.021452354 282 147 320 232
20 0.021203851 45 136 98 240
13 0.0205377 74 17 164 236
8 0.020473817 45 136 98 240
4 0.020458223 282 147 320 232
