14 0.4264418 156 80 248 230
14 0.36260137 129 33 280 240
14 0.14699586 121 90 211 224
14 0.1365984 97 47 225 240
19 0.11692157 135 72 269 225
19 0.093350604 112 59 224 240
14 0.07938495 156 25 256 145
15 0.067064784 97 47 225 240
15 0.06315027 121 90 211 224
14 0.05638773 85 7 320 167
15 0.051711533 129 33 280 240
15 0.034854244 156 80 248 230
13 0.033772945 121 90 211 224
10 0.033741947 97 47 225 240
18 0.03335776 112 59 224 240
18 0.032477207 135 72 269 225
21 0.029226217 97 47 225 240
14 0.027145362 206 13 294 155
2 0.021686852 112 59 224 240
1 0.020785522 112 59 224 240
