13 0.29778817 20 102 121 240
13 0.22092898 281 145 320 233
13 0.20948943 237 109 274 201
13 0.1412453 279 116 320 199
13 0.13765568 53 112 164 240
13 0.1291614 258 103 320 240
13 0.10266298 93 102 136 214
13 0.09105728 83 133 147 240
13 0.06157519 231 76 271 173
13 0.057428453 211 86 290 230
13 0.04985572 279 75 319 173
16 0.039426416 20 102 121 240
6 0.037177164 93 102 136 214
13 0.035770398 234 141 284 233
7 0.03530424 281 145 320 233
7 0.034504764 26 97 105 240
13 0.032931983 135 142 186 231
18 0.030308833 27 104 120 240
4 0.025647493 281 145 320 233
13 0.024787612 194 187 235 240
13 0.023577517 53 99 95 220
13 0.02342716 84 73 236 237
