15 0.2025884 126 25 204 216
19 0.1984464 138 52 193 240
15 0.113588944 151 22 242 220
12 0.10944907 118 64 212 232
19 0.098662734 113 38 218 240
8 0.09229341 118 128 193 236
19 0.0769731 118 128 193 236
20 0.07586532 118 64 212 232
12 0.074310414 158 58 231 236
19 0.067623235 166 33 246 206
14 0.065654464 103 12 227 236
8 0.059778087 118 64 212 232
20 0.0552166 118 128 193 236
14 0.04788354 151 22 242 220
19 0.046873644 51 0 261 240
12 0.04512253 118 128 193 236
20 0.043755524 158 58 231 236
15 0.043304414 118 128 193 236
8 0.042553738 158 58 231 236
