12 0.2571926 130 76 180 153
12 0.069410644 174 75 239 158
12 0.048090667 129 29 175 210
12 0.039381444 84 75 143 157
12 0.029048232 129 44 189 136
12 0.025710475 221 69 274 167
12 0.01871464 82 48 145 123
12 0.017235821 176 32 228 201
12 0.014173062 132 94 191 196
12 0.012494426 179 36 245 141
12 0.011728036 67 16 144 222
4 0.008194674 132 29 180 202
4 0.006016147 73 27 147 203
4 0.005975865 130 76 180 153
12 0.005674271 207 24 279 208
12 0.005414473 222 86 286 215
7 0.005307593 130 76 180 153
7 0.0051062177 129 29 175 210
