8 0.17553246 130 92 187 212
18 0.12842646 130 92 187 212
19 0.10802621 130 92 187 212
5 0.09600275 130 92 187 212
2 0.084739536 123 68 193 237
20 0.05434278 131 102 193 208
15 0.038870543 130 92 187 212
14 0.037330188 130 92 187 212
18 0.029555513 152 95 229 212
8 0.024488682 152 95 229 212
19 0.020062098 152 95 229 212
5 0.018464515 152 95 229 212
2 0.013911952 152 95 229 212
21 0.012934033 130 92 187 212
13 0.009912881 131 102 193 208
9 0.009079914 130 92 187 212
15 0.008907094 152 95 229 212
