13 0.25695324 96 23 144 140
13 0.13901938 127 30 182 145
13 0.076340616 79 0 146 172
13 0.027920276 138 2 191 110
13 0.013135897 96 0 135 77
4 0.011128224 79 0 146 172
10 0.01054472 121 0 184 189
18 0.010263512 125 0 172 187
12 0.01015016 127 30 182 145
18 0.009505601 79 0 146 172
4 0.009237342 125 0 172 187
2 0.008756258 79 0 146 172
10 0.008391567 81 2 152 171
6 0.00801992 96 23 144 140
13 0.00792765 50 0 98 124
2 0.007853117 127 30 182 145
12 0.0074390825 96 23 144 140
13 0.0063939453 19 0 125 167
2 0.0063249627 96 23 144 140
13 0.0060310424 54 0 94 69
