13 0.1308724 99 32 142 135
12 0.0545956 99 32 142 135
6 0.051906068 99 32 142 135
18 0.049387787 85 21 146 158
13 0.045518745 132 24 183 149
13 0.04542973 102 74 143 154
12 0.03480648 102 74 143 154
13 0.034502223 79 24 146 157
6 0.03438241 102 74 143 154
13 0.02135353 56 37 97 133
6 0.018609416 56 37 97 133
6 0.017630957 132 24 183 149
7 0.016469583 99 32 142 135
12 0.016124912 130 66 185 163
2 0.015071509 99 32 142 135
8 0.014898487 85 21 146 158
7 0.013665514 102 74 143 154
13 0.011607124 111 0 188 182
18 0.011307414 126 18 173 164
13 0.010051373 34 5 114 172
8 0.009854221 102 74 143 154
12 0.009819717 56 37 97 133
2 0.0089377435 102 74 143 154
7 0.008563022 84 33 152 196
18 0.008516859 111 0 188 182
2 0.008315964 132 24 183 149
18 0.00733634 34 5 114 172
