18 0.30060744 52 10 177 236
18 0.18542206 80 76 154 219
18 0.10574986 67 34 151 142
19 0.090720885 63 0 166 240
18 0.065979786 33 127 106 239
18 0.05757595 132 125 203 236
18 0.05123379 87 124 148 239
19 0.047125526 71 49 151 188
15 0.045839135 52 10 177 236
18 0.043170355 0 62 140 240
18 0.041674227 113 84 215 240
4 0.03645275 63 0 166 240
18 0.030074812 42 88 106 210
18 0.029472036 35 0 108 240
4 0.022526266 103 0 220 240
10 0.021892875 52 10 177 236
18 0.020410959 39 120 187 240
2 0.018529337 47 59 175 240
