12 0.24913697 87 65 138 160
13 0.22441149 85 37 137 140
2 0.05258746 87 65 138 160
12 0.038216073 127 59 182 171
13 0.03249898 127 59 182 171
6 0.027479 85 37 137 140
2 0.024967091 74 25 140 212
12 0.022809502 177 59 236 178
13 0.017848916 74 25 140 212
2 0.014244613 127 59 182 171
7 0.01141067 87 65 138 160
12 0.009077365 74 25 140 212
12 0.008864911 222 65 272 170
6 0.0071871127 74 25 140 212
4 0.0071726763 87 65 138 160
12 0.0069087837 35 58 96 175
8 0.0069012027 85 37 137 140
6 0.0063499007 127 59 182 171
2 0.005992955 114 26 185 210
13 0.005764889 92 0 137 107
13 0.0056604943 177 59 236 178
18 0.0052002603 85 37 137 140
4 0.005046855 74 25 140 212
