14 0.22177719 154 69 259 240
19 0.11297467 136 78 269 220
2 0.09081355 154 69 259 240
2 0.06852824 110 64 220 238
19 0.057337742 129 71 210 231
18 0.0541004 154 69 259 240
13 0.045227177 127 90 211 222
13 0.038180493 154 69 259 240
18 0.03712418 127 90 211 222
14 0.03628626 127 90 211 222
14 0.033044223 155 23 256 145
15 0.027869998 154 69 259 240
14 0.026349384 195 63 313 238
5 0.023372376 154 69 259 240
10 0.022318255 109 58 219 240
14 0.021958316 116 11 296 165
21 0.02098784 139 47 275 240
1 0.020979807 136 78 269 220
