5 0.22721551 116 35 208 240
15 0.18664412 113 45 200 240
21 0.09952044 72 42 175 240
15 0.09170995 76 60 165 240
21 0.08590737 116 35 208 240
5 0.07901604 72 42 175 240
14 0.06834051 113 45 200 240
2 0.057474542 116 35 208 240
19 0.05365247 72 42 175 240
19 0.05082994 116 35 208 240
14 0.049771354 76 60 165 240
19 0.044582605 15 57 228 240
2 0.036819205 72 42 175 240
21 0.03514448 15 57 228 240
18 0.029353933 116 35 208 240
14 0.028395368 15 57 228 240
20 0.017006593 116 35 208 240
8 0.01698698 69 74 168 240
8 0.016702965 86 40 243 240
