18 0.116760395 81 18 148 157
18 0.10991771 128 17 176 163
5 0.09355609 132 24 185 146
13 0.09032579 132 24 185 146
13 0.07905721 96 30 147 133
12 0.07742529 132 24 185 146
12 0.05760244 96 30 147 133
5 0.038713183 96 30 147 133
6 0.030717768 96 30 147 133
6 0.029565595 132 24 185 146
7 0.026999809 96 30 147 133
5 0.026009552 61 28 161 152
12 0.025584703 100 65 139 160
8 0.024698596 132 24 185 146
13 0.023110952 61 28 161 152
2 0.01712857 132 24 185 146
19 0.016309896 128 17 176 163
8 0.015734501 96 30 147 133
13 0.014807993 100 65 139 160
7 0.013488639 132 24 185 146
2 0.009859879 96 30 147 133
