14 0.2735979 129 51 287 240
14 0.06812022 99 60 226 240
19 0.061075263 135 83 269 218
18 0.051879127 135 83 269 218
2 0.037366375 151 71 260 240
13 0.03651311 119 93 217 219
19 0.031766728 111 69 220 235
14 0.029511377 156 26 257 142
10 0.029025352 99 60 226 240
18 0.02846233 111 69 220 235
2 0.02780527 119 93 217 219
13 0.025657138 151 71 260 240
15 0.023938894 119 93 217 219
15 0.023579592 151 71 260 240
1 0.022663666 135 83 269 218
14 0.021712812 103 11 311 166
5 0.0207762 151 71 260 240
21 0.020454312 129 51 287 240
21 0.019119961 99 60 226 240
