19 0.24654366 138 40 193 240
12 0.19767566 121 62 212 233
15 0.16360496 126 4 201 237
15 0.11356318 157 15 248 222
12 0.10968886 163 52 231 240
19 0.10726905 122 129 190 235
8 0.08734789 122 129 190 235
19 0.081471525 36 0 272 240
20 0.080032386 121 62 212 233
20 0.07933515 122 129 190 235
12 0.073549114 122 129 190 235
14 0.06688481 111 19 223 225
19 0.06608055 112 19 216 225
19 0.06437647 175 41 232 240
14 0.054695673 155 25 242 214
14 0.050278783 56 0 256 240
20 0.049705524 163 52 231 240
15 0.048790917 122 129 190 235
