19 0.20629694 105 24 211 240
15 0.16568545 126 86 189 214
19 0.16139153 61 53 174 240
19 0.14743412 126 86 189 214
15 0.12530316 105 24 211 240
19 0.09130152 91 76 159 225
21 0.07231215 105 24 211 240
15 0.062129 108 73 210 177
20 0.05757753 126 86 189 214
19 0.050729416 0 53 233 240
20 0.047300573 105 24 211 240
21 0.04457703 61 53 174 240
15 0.044214178 61 53 174 240
12 0.025944026 105 24 211 240
19 0.024822224 271 88 320 227
8 0.024431288 105 24 211 240
12 0.024153443 126 86 189 214
15 0.023562921 91 76 159 225
2 0.021025103 105 24 211 240
12 0.020119274 271 88 320 227
15 0.01779395 0 53 233 240
19 0.017108299 155 19 255 240
21 0.016510235 126 86 189 214
