18 0.09918017 83 14 147 163
13 0.098964535 132 22 186 149
18 0.07886137 131 15 175 167
5 0.078846194 132 22 186 149
13 0.078500524 95 26 148 137
12 0.077725835 132 22 186 149
12 0.058264118 95 26 148 137
5 0.03728001 95 26 148 137
5 0.029200906 63 27 162 154
13 0.027787551 63 27 162 154
12 0.027641963 100 62 139 162
7 0.022811301 95 26 148 137
6 0.021995967 131 15 175 167
2 0.020345073 132 22 186 149
6 0.01966789 95 26 148 137
19 0.018327074 131 15 175 167
8 0.017138047 132 22 186 149
13 0.015241413 100 62 139 162
8 0.012480802 83 14 147 163
2 0.010827815 95 26 148 137
7 0.010297199 132 22 186 149
