13 0.26863378 279 114 320 200
13 0.20234805 239 115 273 197
13 0.16601162 280 144 320 230
13 0.16010457 47 116 175 240
13 0.14510863 130 141 188 240
13 0.11172472 15 98 132 240
13 0.094692744 266 71 320 240
13 0.078839585 90 123 220 240
13 0.05631257 235 79 273 174
13 0.045956355 217 79 287 240
13 0.041746777 280 74 320 176
13 0.032871652 86 109 134 212
13 0.024017125 188 105 230 207
3 0.022859743 0 117 158 240
18 0.022636458 130 141 188 240
21 0.02124054 28 81 115 240
13 0.020138303 198 46 296 202
16 0.019990247 15 98 132 240
20 0.019016286 15 98 132 240
18 0.018137828 280 144 320 230
18 0.01755393 90 123 220 240
13 0.017464163 71 72 147 240
