2 0.06294051 21 49 125 197
13 0.055128872 34 73 97 175
8 0.054643765 34 73 97 175
13 0.05206982 24 36 101 211
4 0.043622363 24 36 101 211
6 0.03140688 24 36 101 211
18 0.02977335 24 36 101 211
18 0.026663315 34 73 97 175
8 0.026574526 24 36 101 211
2 0.022320418 34 73 97 175
8 0.020902464 38 112 94 186
2 0.020561196 38 112 94 186
6 0.019111428 34 73 97 175
11 0.015629923 24 36 101 211
13 0.0148380315 168 0 239 91
6 0.014342697 38 112 94 186
4 0.014215397 34 73 97 175
12 0.014022074 34 73 97 175
12 0.010183963 38 112 94 186
13 0.010104075 213 15 288 150
13 0.009041533 185 0 227 73
11 0.009025707 34 73 97 175
13 0.008450652 38 112 94 186
2 0.008415721 33 12 191 231
7 0.008282015 34 73 97 175
13 0.007805943 189 0 318 231
13 0.0076683797 162 0 249 152
12 0.007348748 24 36 101 211
