13 0.17601268 132 36 180 146
13 0.17178321 96 31 142 141
13 0.06061283 81 6 151 169
12 0.03784481 132 36 180 146
12 0.034597643 96 31 142 141
7 0.018014891 96 31 142 141
6 0.017017389 96 31 142 141
8 0.016042782 96 31 142 141
4 0.015050422 127 0 182 178
4 0.014400751 82 9 153 168
8 0.013699284 81 6 151 169
6 0.011500778 132 36 180 146
7 0.010091819 81 6 151 169
8 0.0090857595 132 36 180 146
18 0.008339452 82 9 153 168
7 0.007715361 132 36 180 146
6 0.0074564214 81 6 151 169
2 0.0065993955 81 6 151 169
20 0.00651465 132 36 180 146
20 0.005932166 96 31 142 141
12 0.0058089276 81 6 151 169
18 0.0057087075 128 15 177 167
11 0.0056986487 81 6 151 169
2 0.005567464 128 15 177 167
10 0.0054450133 132 36 180 146
18 0.0054209083 96 31 142 141
