18 0.15259416 76 16 241 234
19 0.07646359 91 26 231 223
15 0.06531655 99 18 220 240
11 0.042764064 91 26 231 223
2 0.039784662 99 18 220 240
8 0.03828665 83 68 223 174
8 0.03535319 157 45 246 125
8 0.02751227 157 72 243 169
14 0.026556732 91 26 231 223
8 0.02275201 97 102 213 203
12 0.022494799 99 18 220 240
18 0.022443851 142 43 257 240
17 0.021952411 69 58 253 240
12 0.01850588 157 45 246 125
12 0.01836347 83 68 223 174
8 0.018278783 107 49 212 129
12 0.015457734 97 102 213 203
15 0.0150442505 142 43 257 240
