17 0.04989769 102 15 221 225
12 0.04949122 150 30 249 135
18 0.046662156 102 15 221 225
12 0.04344283 99 38 211 192
8 0.03987777 150 30 249 135
15 0.038923793 102 15 221 225
11 0.031813137 78 0 249 240
12 0.028429598 134 0 282 199
20 0.023406317 102 15 221 225
18 0.022539353 151 0 257 240
12 0.022334399 77 0 250 240
19 0.021911962 78 0 249 240
17 0.021377474 159 13 253 168
15 0.019841727 150 22 258 240
15 0.01967571 150 30 249 135
8 0.018275375 99 38 211 192
12 0.016433896 155 76 248 217
2 0.016382497 102 15 221 225
20 0.014871654 151 0 257 240
