13 0.17975222 179 19 245 240
13 0.12708041 188 78 232 228
13 0.095288046 7 182 39 240
20 0.08920004 179 19 245 240
20 0.065120354 188 78 232 228
12 0.05830123 175 52 245 240
13 0.04885606 2 133 38 240
10 0.043391038 179 19 245 240
4 0.040627792 175 52 245 240
8 0.03871955 179 19 245 240
13 0.032947615 43 175 86 240
2 0.029250387 179 19 245 240
13 0.027224584 49 75 81 165
7 0.025471866 175 52 245 240
10 0.02180631 188 78 232 228
18 0.01980791 179 19 245 240
13 0.019499838 89 141 129 235
13 0.01790705 10 64 44 172
12 0.017293466 188 78 232 228
6 0.01685752 189 57 229 190
13 0.01668123 9 87 40 217
6 0.016591331 175 52 245 240
