13 0.12983853 86 0 139 157
13 0.08966178 115 0 179 218
13 0.07544001 62 0 163 207
6 0.06901032 62 0 163 207
6 0.06356582 115 0 179 218
13 0.061470848 131 21 180 150
6 0.05837897 94 32 148 126
12 0.05189588 131 21 180 150
6 0.05132277 131 21 180 150
13 0.04700928 94 32 148 126
12 0.04287686 94 32 148 126
4 0.035685834 115 0 179 218
7 0.02999925 62 0 163 207
8 0.029127004 62 0 163 207
6 0.027731048 86 0 139 157
4 0.021912524 85 2 149 168
12 0.0217975 85 2 149 168
6 0.021401823 54 35 97 131
12 0.016943332 115 0 179 218
18 0.015627142 115 0 179 218
