13 0.17618749 280 117 320 201
13 0.17115709 280 146 320 231
13 0.1366101 234 109 274 202
13 0.116576865 20 75 123 240
13 0.11459537 95 93 134 224
13 0.09740336 56 95 93 225
13 0.08657265 254 99 320 240
13 0.06748524 60 86 163 236
13 0.059916556 89 139 142 236
13 0.053281635 45 134 99 240
13 0.032297578 208 90 298 224
13 0.029905552 278 76 318 178
4 0.026113432 254 99 320 240
13 0.02345083 137 135 183 240
13 0.023332998 230 136 282 238
4 0.021454174 280 146 320 231
13 0.020397965 187 92 231 217
8 0.01980572 280 117 320 201
20 0.01940317 20 75 123 240
13 0.01832217 88 79 227 234
13 0.017824296 233 74 271 176
18 0.017534418 280 146 320 231
13 0.01749382 228 177 269 240
8 0.016114678 280 146 320 231
