19 0.23120768 139 46 191 240
15 0.18194616 107 23 217 223
12 0.16914007 120 64 211 231
19 0.11613214 112 38 219 240
15 0.101125106 155 19 246 219
12 0.095455445 162 55 229 239
19 0.090457864 120 128 191 235
15 0.08605041 139 46 191 240
20 0.07816716 120 64 211 231
8 0.07423255 120 128 191 235
20 0.07051152 120 128 191 235
19 0.06992027 41 0 265 240
12 0.06565957 120 128 191 235
14 0.06527484 120 64 211 231
19 0.051141366 174 47 232 240
14 0.05103105 151 32 243 206
20 0.04715801 162 55 229 239
15 0.046070393 120 128 191 235
