13 0.4959524 17 69 118 240
13 0.15353702 49 76 94 238
13 0.15247145 282 98 319 212
13 0.04040568 45 49 177 240
13 0.037078977 265 81 320 236
13 0.03607873 234 108 268 204
20 0.034360074 17 69 118 240
21 0.030090384 31 56 105 240
18 0.02937638 31 56 105 240
7 0.02881208 37 44 106 240
13 0.024028113 94 92 130 219
13 0.02355383 76 61 144 240
10 0.023396002 31 56 105 240
3 0.020801906 1 76 146 237
13 0.018513907 86 143 126 233
2 0.017423362 37 44 106 240
13 0.016310776 208 83 290 225
20 0.015266315 49 76 94 238
