15 0.14491004 203 8 293 225
15 0.13099143 217 70 291 179
14 0.07998305 195 30 308 240
17 0.077248976 203 52 306 240
19 0.037515685 243 55 320 240
13 0.03544705 203 52 306 240
15 0.033139445 243 55 320 240
19 0.0328041 217 70 291 179
21 0.029357398 182 42 320 240
19 0.024136383 203 8 293 225
18 0.021966964 215 57 282 180
8 0.021293651 215 57 282 180
6 0.021262024 215 57 282 180
12 0.02093579 215 57 282 180
20 0.018340988 215 57 282 180
9 0.017409509 182 42 320 240
16 0.0171196 203 52 306 240
7 0.016836405 182 42 320 240
4 0.016680695 195 30 308 240
