13 0.15107687 99 37 140 129
6 0.085145906 99 37 140 129
13 0.07331436 83 22 148 157
13 0.062397987 132 27 182 144
13 0.050060555 104 74 142 154
6 0.048257504 104 74 142 154
12 0.042292975 99 37 140 129
6 0.03668201 132 27 182 144
18 0.03158357 83 22 148 157
6 0.029864123 57 40 98 131
12 0.029036159 104 74 142 154
13 0.02789599 57 40 98 131
6 0.021636076 83 22 148 157
13 0.019700725 103 6 193 171
13 0.015505779 35 10 115 167
7 0.015280148 99 37 140 129
12 0.013866896 132 68 184 159
7 0.013803688 104 74 142 154
2 0.013304649 99 37 140 129
8 0.012170981 99 37 140 129
12 0.010789992 57 40 98 131
18 0.010310996 122 22 175 162
8 0.009877069 83 22 148 157
2 0.009857437 132 27 182 144
13 0.009642284 96 0 135 111
18 0.009331272 99 37 140 129
8 0.008908651 104 74 142 154
2 0.008168822 104 74 142 154
