13 0.5227282 202 70 284 232
13 0.32921013 165 68 262 240
13 0.14990601 184 80 234 222
6 0.10265324 220 85 269 226
7 0.093518324 205 21 277 240
13 0.07985719 217 122 277 240
7 0.07433872 174 35 249 240
7 0.0714799 220 85 269 226
6 0.06927187 205 21 277 240
6 0.06489179 184 80 234 222
10 0.056869928 220 85 269 226
6 0.04571798 174 35 249 240
13 0.045492657 229 60 268 189
7 0.03914411 184 80 234 222
10 0.038761858 205 21 277 240
8 0.03815313 174 35 249 240
10 0.035042413 174 35 249 240
17 0.03337846 174 35 249 240
7 0.032295305 169 67 320 240
10 0.030968357 184 80 234 222
8 0.02772162 205 21 277 240
4 0.027264636 201 45 291 240
