2 0.14376126 30 30 98 214
18 0.05977071 30 30 98 214
6 0.059298966 30 30 98 214
13 0.05751781 30 72 98 176
4 0.037887458 30 30 98 214
8 0.027683716 30 72 98 176
2 0.022113 5 64 122 233
12 0.020066103 30 72 98 176
6 0.014250175 32 110 95 191
2 0.013807166 32 110 95 191
7 0.013534315 30 72 98 176
13 0.012317676 166 0 241 95
2 0.012144568 60 25 149 214
13 0.011972662 212 2 291 168
2 0.011278104 0 30 71 214
2 0.010850136 35 6 184 239
13 0.009153161 196 0 311 228
13 0.0090812985 235 28 273 149
2 0.008700383 72 60 248 240
