12 0.24163869 130 79 182 151
12 0.074364044 178 75 238 160
12 0.03783055 84 75 144 157
12 0.026516572 125 27 174 214
12 0.024632672 221 69 273 168
12 0.020415299 131 45 187 134
12 0.0178888 84 48 143 124
12 0.013220899 134 98 190 194
12 0.01147387 173 32 227 203
4 0.011330337 125 27 174 214
4 0.009074166 130 79 182 151
12 0.0090164505 181 38 243 140
12 0.008186651 68 18 141 219
7 0.007992826 130 79 182 151
2 0.006879985 130 79 182 151
13 0.0066618724 130 79 182 151
12 0.0062774345 224 84 284 218
7 0.0060005304 125 27 174 214
4 0.0051110946 71 30 149 200
