13 0.22666015 143 0 197 191
13 0.20510219 140 38 184 134
13 0.20476533 125 20 213 219
6 0.1436952 140 38 184 134
13 0.1112115 7 182 39 240
13 0.084364206 157 30 243 212
13 0.07864864 3 142 34 240
13 0.06464198 179 38 223 196
6 0.05905826 145 52 189 179
13 0.056184154 49 64 82 168
13 0.047066662 13 65 42 170
7 0.03899345 63 21 263 224
2 0.032434866 141 0 201 240
10 0.029606726 141 0 201 240
4 0.027316293 141 0 201 240
13 0.025950346 8 80 35 224
13 0.022055265 0 131 61 240
13 0.021525012 47 33 82 131
7 0.02111715 114 43 223 211
4 0.02090738 114 43 223 211
7 0.020173864 141 0 201 240
13 0.019723779 48 134 83 240
12 0.019246826 168 23 234 240
13 0.01917315 25 31 113 203
