8 0.16268148 130 101 198 206
19 0.1193691 133 94 190 207
2 0.11028763 133 94 190 207
18 0.092723645 133 94 190 207
20 0.08806985 130 101 198 206
5 0.06690557 130 101 198 206
15 0.044217244 133 94 190 207
14 0.036235888 133 94 190 207
18 0.02316622 152 100 233 206
2 0.021837361 152 100 233 206
21 0.020667605 133 94 190 207
19 0.018288227 152 100 233 206
2 0.017102815 147 51 244 240
12 0.016575627 130 101 198 206
8 0.016534733 152 100 233 206
19 0.013742807 147 51 244 240
13 0.013698183 130 101 198 206
5 0.012533637 152 100 233 206
18 0.012279588 147 51 244 240
