13 0.23089617 142 37 178 142
13 0.15047842 140 0 193 190
13 0.12268916 4 144 35 240
13 0.10604624 148 65 185 174
6 0.075560525 142 37 178 142
6 0.04566982 148 65 185 174
13 0.03863906 51 61 87 174
4 0.031899396 140 0 197 240
13 0.031877678 158 20 250 222
13 0.03163637 12 64 42 173
13 0.03062788 114 10 218 176
13 0.028624976 185 52 222 186
13 0.028540138 47 33 83 136
13 0.028374415 28 35 199 218
12 0.028360453 179 129 228 240
7 0.026838468 53 9 271 236
4 0.02359694 148 65 185 174
13 0.02199012 0 99 57 240
7 0.021631207 131 0 208 240
10 0.021504376 140 0 197 240
4 0.021245532 110 34 222 221
13 0.019494543 9 87 38 222
4 0.018634206 163 73 241 228
