2 0.15144013 134 94 191 205
18 0.10047098 134 94 191 205
8 0.08822449 135 99 194 209
5 0.0753014 134 94 191 205
18 0.07192497 166 99 221 206
2 0.052534696 166 99 221 206
19 0.042225942 134 94 191 205
5 0.034403574 166 99 227 207
15 0.029846156 134 94 191 205
8 0.02629367 166 99 227 207
2 0.022390112 158 75 232 235
18 0.021954196 158 75 232 235
14 0.02163653 134 94 191 205
20 0.019778797 135 99 194 209
19 0.017931823 166 99 221 206
13 0.010446701 135 99 194 209
15 0.010036572 166 99 221 206
4 0.008456585 135 99 194 209
19 0.0075128702 158 75 232 235
