13 0.2013967 99 33 143 131
13 0.0984545 127 17 181 157
13 0.0472731 80 26 153 156
6 0.04614989 99 33 143 131
2 0.04227054 99 33 143 131
12 0.03745151 99 33 143 131
13 0.037055686 102 67 142 157
18 0.030218484 88 16 148 160
2 0.029220756 127 17 181 157
13 0.02348651 59 38 95 131
8 0.01905623 99 33 143 131
12 0.018944737 102 67 142 157
6 0.01830031 59 38 95 131
6 0.018218877 127 17 181 157
6 0.01715696 102 67 142 157
18 0.016773434 129 20 171 161
12 0.014539669 127 17 181 157
7 0.0143290935 99 33 143 131
2 0.013065993 102 67 142 157
18 0.012241965 51 0 165 145
13 0.010593603 31 5 119 173
8 0.009365234 127 17 181 157
7 0.009052877 102 67 142 157
8 0.00825317 59 38 95 131
