14 0.3551944 65 0 259 240
15 0.102345675 49 37 268 202
9 0.06091715 49 37 268 202
19 0.052298333 49 37 268 202
14 0.046540864 115 59 294 240
15 0.0428515 27 0 205 240
21 0.035197247 49 37 268 202
14 0.033502676 46 29 181 240
14 0.033378325 98 28 214 224
1 0.031614747 27 0 205 240
19 0.031488642 27 0 205 240
16 0.030988323 49 37 268 202
9 0.029804632 27 0 205 240
14 0.027953006 154 104 251 213
1 0.027024357 49 37 268 202
16 0.025547013 27 0 205 240
18 0.025452284 65 0 259 240
17 0.025366051 49 37 268 202
