13 0.2791819 282 148 320 231
13 0.17673722 235 111 275 198
13 0.14174739 280 118 320 196
13 0.12756218 255 98 320 240
13 0.11382218 31 113 119 240
13 0.10198807 48 141 96 240
13 0.0691856 92 136 140 240
13 0.066426754 59 116 163 240
13 0.049003802 210 90 296 225
13 0.03920171 234 135 283 240
13 0.038964562 279 73 319 177
13 0.036611725 234 77 274 172
4 0.025275324 282 148 320 231
13 0.022100564 67 29 168 224
4 0.021767179 255 98 320 240
13 0.021027783 230 176 272 240
13 0.020422827 88 84 232 230
8 0.019890478 31 113 119 240
7 0.019155506 282 148 320 231
6 0.017805617 282 148 320 231
13 0.017507698 137 135 181 240
20 0.017411806 26 117 111 240
13 0.01719704 187 97 231 214
20 0.017029319 48 141 96 240
