13 0.27145815 133 26 193 148
12 0.05117716 133 26 193 148
13 0.024364559 91 34 144 130
6 0.021964138 133 26 193 148
19 0.017404553 132 1 182 178
8 0.013926732 133 26 193 148
7 0.013592693 133 26 193 148
4 0.01313427 132 1 182 178
6 0.012900694 54 45 101 125
13 0.012498053 65 17 155 159
3 0.012358832 129 61 197 164
8 0.011407859 54 45 101 125
13 0.010992323 54 45 101 125
13 0.009955665 113 30 200 203
20 0.009690429 133 26 193 148
18 0.009609682 132 1 182 178
21 0.009436056 130 29 186 199
2 0.009299541 113 30 200 203
19 0.008029538 113 30 200 203
2 0.006944345 132 1 182 178
