13 0.24289484 279 116 320 198
13 0.16887076 238 112 276 199
13 0.159454 16 92 124 240
13 0.140774 135 144 190 240
13 0.13813348 48 122 177 240
13 0.13537827 280 146 320 227
13 0.09452064 115 106 199 240
13 0.090598024 265 76 320 240
13 0.043103117 214 83 290 236
13 0.04052352 233 77 272 175
13 0.040381163 43 124 106 240
18 0.033652052 135 144 190 240
13 0.030101774 89 63 234 240
12 0.029468892 16 92 124 240
20 0.029072931 16 92 124 240
8 0.025731348 280 146 320 227
3 0.025036326 0 125 167 240
13 0.02252204 90 97 137 227
13 0.022476902 179 141 239 239
18 0.021755686 280 146 320 227
7 0.02019994 280 146 320 227
8 0.01951269 279 116 320 198
