12 0.17002742 138 63 182 170
12 0.058384646 178 64 242 177
12 0.025816862 220 68 276 173
12 0.018625924 82 69 146 166
12 0.015401658 136 33 194 148
12 0.010911185 122 23 180 220
13 0.010243292 138 63 182 170
12 0.009667372 86 37 144 137
2 0.008427658 138 63 182 170
13 0.0073054926 126 36 188 200
2 0.0072499528 122 23 180 220
13 0.0071925456 162 43 247 194
12 0.007068789 223 90 288 216
6 0.0070491224 170 21 240 162
7 0.0067530004 126 36 188 200
12 0.006376321 172 29 229 210
6 0.006346638 211 15 276 164
