13 0.23433259 96 31 145 139
13 0.13468063 132 30 181 151
13 0.11658609 78 0 157 186
4 0.05743991 81 7 156 166
4 0.04987617 127 0 176 185
12 0.04026089 132 30 181 151
12 0.038386222 96 31 145 139
8 0.028597113 78 0 157 186
12 0.017232582 78 0 157 186
2 0.016643154 78 0 157 186
8 0.015473659 96 31 145 139
7 0.0143769765 96 31 145 139
6 0.01402513 78 0 157 186
7 0.011791657 78 0 157 186
6 0.0115432115 96 31 145 139
18 0.011401196 78 0 157 186
4 0.011119969 96 31 145 139
13 0.009311153 121 0 198 159
6 0.009061914 127 0 176 185
2 0.008065023 127 0 176 185
20 0.007501632 96 31 145 139
20 0.006142419 78 0 157 186
