13 0.09029364 82 0 142 159
6 0.07479592 98 32 147 127
13 0.071107306 113 0 181 207
6 0.07050016 131 24 179 145
13 0.060993012 131 24 179 145
6 0.0606652 66 0 164 203
13 0.06016564 66 0 164 203
6 0.05976796 113 0 181 207
12 0.051237106 131 24 179 145
13 0.048269358 98 32 147 127
12 0.04603742 98 32 147 127
6 0.042359326 88 6 150 163
8 0.033877227 66 0 164 203
4 0.029979791 125 0 179 190
7 0.025374878 66 0 164 203
18 0.021358155 113 0 181 207
6 0.021323048 58 36 96 132
4 0.01786625 88 6 150 163
18 0.01755333 66 0 164 203
12 0.017437968 66 0 164 203
7 0.016987123 98 32 147 127
4 0.016748961 66 0 164 203
12 0.016051622 113 0 181 207
12 0.015580272 138 76 181 151
12 0.015237659 88 6 150 163
19 0.0143603105 122 0 181 168
