12 0.22957706 139 68 178 166
12 0.066041455 181 67 239 173
12 0.030065143 134 30 189 151
13 0.030015858 139 68 178 166
12 0.02376715 219 67 275 174
2 0.019984843 139 68 178 166
12 0.019104403 83 68 145 166
13 0.015285208 134 30 189 151
2 0.013870992 125 25 178 216
12 0.011560691 87 35 142 137
6 0.01087442 183 38 246 143
13 0.010652173 161 45 249 191
12 0.010174176 125 25 178 216
13 0.009665012 125 25 178 216
6 0.008490021 134 30 189 151
12 0.008199119 136 84 189 213
13 0.00741072 181 67 239 173
12 0.006822025 221 89 288 216
6 0.0065122894 211 20 279 160
7 0.0052097836 124 36 188 200
