13 0.38449946 87 45 136 131
12 0.12876467 85 67 141 158
13 0.089452446 82 21 143 161
2 0.042957 87 45 136 131
6 0.029466132 87 45 136 131
12 0.02653879 131 71 184 165
13 0.021811353 126 25 183 149
2 0.021623945 82 21 143 161
12 0.02124809 178 67 235 171
6 0.01751501 82 21 143 161
7 0.014819052 87 45 136 131
4 0.012781885 87 45 136 131
8 0.010278195 87 45 136 131
4 0.00950997 82 21 143 161
7 0.0087342765 82 21 143 161
12 0.008113988 223 67 271 168
8 0.007767303 82 21 143 161
12 0.007645302 67 24 153 154
13 0.0070174765 110 42 206 192
12 0.0068717566 37 63 94 172
12 0.0061974567 36 28 102 141
13 0.006149199 75 0 231 175
13 0.0051069814 121 0 191 86
13 0.0051038982 178 67 235 171
13 0.005009754 93 0 140 109
