19 0.26474386 139 41 190 240
12 0.20220529 122 67 213 230
15 0.16709645 127 8 196 235
12 0.111700065 164 61 229 235
19 0.11018554 114 39 217 240
19 0.097576186 122 131 191 234
19 0.08292479 28 0 281 240
15 0.078184046 158 33 239 208
14 0.070825055 122 67 213 230
8 0.06888008 122 131 191 234
19 0.06562783 174 43 229 240
20 0.062377617 122 67 213 230
20 0.054915257 122 131 191 234
14 0.053368077 158 33 239 208
12 0.05169896 122 131 191 234
15 0.051149502 122 131 191 234
14 0.04445681 50 0 260 240
