13 0.2770465 143 33 179 146
13 0.1546479 140 0 192 189
13 0.09580368 6 144 35 240
6 0.04054844 143 33 179 146
4 0.038874142 141 0 194 240
13 0.037343327 51 57 86 178
12 0.0347405 179 125 226 240
6 0.03415862 147 56 186 184
13 0.03195308 12 62 42 175
10 0.031093247 141 0 194 240
13 0.029001543 47 30 83 139
13 0.028391832 114 14 218 172
13 0.028194139 159 19 248 223
13 0.027713189 183 43 222 195
4 0.027186226 147 56 186 184
13 0.026603766 32 36 196 216
10 0.024446528 147 56 186 184
7 0.023098359 57 15 266 230
7 0.022681886 131 0 206 240
4 0.019695 112 36 222 218
13 0.019226572 0 96 57 240
12 0.018178675 161 48 233 240
13 0.01784473 139 0 184 114
