19 0.17331095 71 42 162 240
19 0.08911832 102 29 206 240
18 0.05941869 79 84 168 223
19 0.056425747 1 68 231 233
18 0.050445125 234 76 286 237
15 0.041003846 70 45 163 240
2 0.030108592 71 42 162 240
21 0.02975573 71 42 162 240
18 0.02863794 207 0 304 240
19 0.028270237 109 88 194 218
2 0.027827367 234 76 286 237
2 0.026415255 207 0 304 240
14 0.022733182 234 76 286 237
15 0.021716904 102 29 206 240
12 0.021292532 70 45 163 240
18 0.021011785 109 88 194 218
15 0.016354827 109 88 194 218
20 0.016294297 70 45 163 240
2 0.014639969 102 29 206 240
