14 0.3200989 150 50 261 240
19 0.08228107 133 84 271 212
14 0.055889897 116 71 223 239
18 0.046750214 133 84 271 212
2 0.042454813 150 50 261 240
18 0.03662335 116 71 223 239
15 0.03413362 131 44 283 240
2 0.031816524 116 71 223 239
21 0.027846932 131 44 283 240
19 0.025094317 111 71 220 228
13 0.022511303 116 71 223 239
14 0.02189224 155 27 260 146
13 0.021421807 150 50 261 240
14 0.020245155 106 20 306 155
15 0.019770803 116 71 223 239
10 0.019184174 100 55 232 240
1 0.019058246 133 84 271 212
