13 0.6745573 159 40 232 240
13 0.5017549 171 87 224 223
13 0.2688056 130 41 205 240
13 0.22679082 141 92 180 216
13 0.054074295 136 66 173 178
4 0.030802451 160 66 246 240
13 0.021353759 87 100 133 201
2 0.016919302 160 66 246 240
13 0.015268563 129 141 181 234
13 0.013871233 11 34 38 132
7 0.012515184 136 103 278 213
13 0.011266061 183 186 235 240
6 0.009726787 171 87 224 223
13 0.009508335 83 68 131 160
13 0.008191555 83 39 162 240
13 0.0078564 48 81 174 218
8 0.007585997 171 87 224 223
13 0.0074834614 83 146 138 228
7 0.007287933 160 66 246 240
13 0.007180491 160 149 248 240
13 0.0070560067 50 19 78 142
