8 0.18402487 131 92 188 208
19 0.11286527 131 92 188 208
18 0.110787354 131 92 188 208
2 0.105564885 131 92 188 208
5 0.05924538 131 92 188 208
20 0.050472382 131 102 193 205
15 0.03477164 131 92 188 208
14 0.024210563 131 92 188 208
18 0.021121942 154 100 230 206
8 0.01580752 154 100 230 206
2 0.015748873 154 100 230 206
19 0.013675013 154 100 230 206
21 0.013357316 131 92 188 208
2 0.012991031 149 52 240 240
2 0.012439835 112 2 197 240
19 0.010858001 107 83 208 240
19 0.010840782 50 70 178 239
12 0.010598225 131 102 193 205
18 0.010490499 149 52 240 240
13 0.010044601 131 102 193 205
