13 0.4581427 122 52 213 240
13 0.38364196 146 84 248 221
13 0.33517748 134 91 195 213
4 0.04103638 146 84 248 221
13 0.02871831 13 37 38 130
4 0.026970929 122 78 214 233
8 0.024017744 134 91 195 213
6 0.023420708 134 91 195 213
13 0.023170985 165 14 232 233
13 0.022416418 132 60 180 181
13 0.021256458 128 35 271 212
13 0.02039909 174 45 219 200
13 0.019114787 167 141 228 228
11 0.016163751 133 93 201 217
8 0.015596425 162 85 230 220
11 0.013237793 122 52 213 240
6 0.013017898 162 85 230 220
11 0.01253198 157 74 251 237
13 0.012477307 180 183 229 240
17 0.012223645 122 78 214 233
13 0.011496538 53 20 79 142
6 0.01147255 13 37 38 130
13 0.01079128 125 136 190 232
11 0.01071335 69 96 250 210
13 0.0106810685 11 0 41 100
