13 0.3315127 133 22 183 143
13 0.15147641 120 0 182 201
13 0.12013458 99 31 142 129
13 0.060192816 76 10 158 163
12 0.045487024 133 22 183 143
13 0.027616732 60 44 100 125
6 0.01931544 133 22 183 143
6 0.017347625 60 44 100 125
6 0.015768955 99 31 142 129
6 0.015439044 120 0 182 201
12 0.013925284 120 0 182 201
12 0.0130614145 99 31 142 129
13 0.012737676 35 0 119 175
13 0.010378006 97 62 149 160
2 0.010046448 120 0 182 201
6 0.008233352 82 0 146 151
2 0.008163406 133 22 183 143
8 0.0074707596 60 44 100 125
12 0.006629432 60 44 100 125
4 0.006442367 120 0 182 201
8 0.0059779827 133 22 183 143
