6 0.1634587 183 60 224 179
4 0.13098338 162 32 241 206
4 0.10656867 180 0 227 239
13 0.102788 7 182 40 240
6 0.0935473 180 0 227 239
4 0.08264801 183 60 224 179
13 0.081242405 180 0 227 239
13 0.07475286 162 32 241 206
13 0.07408497 183 60 224 179
6 0.058949623 148 72 187 165
4 0.05191773 118 0 224 240
12 0.046917204 175 22 233 240
13 0.0467752 118 0 224 240
6 0.04434661 162 32 241 206
13 0.03892548 50 72 84 168
10 0.030290326 180 0 227 239
4 0.028593978 148 72 187 165
13 0.027377294 148 72 187 165
6 0.027367774 140 45 189 132
10 0.027233193 162 32 241 206
10 0.027156688 118 0 224 240
10 0.02711809 183 60 224 179
7 0.026817499 37 0 292 240
12 0.023867248 183 60 224 179
6 0.023577632 143 0 201 240
