12 0.32969642 136 73 179 152
12 0.22981416 131 47 180 132
12 0.08577023 177 75 237 159
12 0.032132264 218 69 276 167
13 0.031496875 131 47 180 132
12 0.02976687 86 66 145 164
12 0.025497742 123 44 185 189
12 0.022858629 182 41 239 136
2 0.01642724 129 34 172 202
12 0.012804988 136 86 189 208
2 0.011862433 136 73 179 152
2 0.011303012 131 47 180 132
12 0.009279141 161 47 244 189
13 0.009249338 136 73 179 152
6 0.008599985 131 47 180 132
12 0.0070039644 220 83 286 217
2 0.006096233 161 47 244 189
7 0.006067213 123 44 185 189
13 0.0059606275 123 44 185 189
12 0.005598573 225 34 276 142
13 0.005284556 161 47 244 189
12 0.0051516797 66 26 154 208
