13 0.15405506 36 64 91 175
13 0.104787044 30 1 97 236
2 0.09824911 22 49 110 191
18 0.063443206 39 0 98 178
2 0.062095433 36 64 91 175
13 0.05812001 41 32 100 143
6 0.05247149 39 0 98 178
2 0.039903797 41 32 100 143
12 0.034075603 36 64 91 175
5 0.0324964 22 7 113 168
7 0.024271533 22 7 113 168
5 0.022916991 41 32 100 143
12 0.022304144 41 32 100 143
4 0.017303038 30 1 97 236
7 0.016285475 41 32 100 143
19 0.015871728 22 7 113 168
4 0.013805813 36 64 91 175
13 0.012242606 237 29 272 146
13 0.011121588 239 65 269 180
