13 0.2831338 95 41 150 127
13 0.14309129 130 33 183 145
13 0.12070404 76 0 154 182
13 0.043459743 111 0 195 170
12 0.025363835 130 33 183 145
12 0.021058617 95 41 150 127
13 0.019031435 90 1 140 107
4 0.017306728 76 0 154 182
6 0.013360247 95 41 150 127
6 0.013203241 76 0 154 182
8 0.012925639 76 0 154 182
4 0.01254257 124 0 175 176
7 0.010120387 95 41 150 127
6 0.010075323 124 0 175 176
13 0.008552667 130 0 198 110
13 0.008179538 6 2 138 168
7 0.0080892155 76 0 154 182
13 0.008079467 40 47 100 127
18 0.007489032 76 0 154 182
12 0.007384269 76 0 154 182
8 0.0073397816 95 41 150 127
6 0.0066732713 8 50 47 127
13 0.006414065 45 0 104 114
8 0.005593484 0 0 74 178
13 0.0053958087 8 50 47 127
8 0.005126375 6 2 138 168
