13 0.11798603 34 16 89 220
6 0.09688711 34 16 89 220
2 0.08668216 34 16 89 220
2 0.08171374 27 58 107 180
13 0.06841234 27 58 107 180
12 0.034452405 34 65 91 179
18 0.030779576 34 16 89 220
6 0.028427288 27 58 107 180
13 0.025930384 34 33 98 144
6 0.023350932 34 33 98 144
7 0.021787852 34 65 91 179
12 0.01809493 36 98 83 204
2 0.01791109 34 33 98 144
5 0.016457092 34 16 89 220
13 0.01574687 4 65 48 185
18 0.014292421 27 58 107 180
8 0.014218152 34 65 91 179
7 0.014047859 34 12 105 162
13 0.012799647 36 98 83 204
4 0.010529662 34 16 89 220
5 0.010036056 27 58 107 180
4 0.009897971 27 58 107 180
2 0.009839343 4 65 48 185
19 0.009622672 27 58 107 180
13 0.00947142 0 35 64 208
12 0.009420591 2 98 39 210
