2 0.20942773 132 96 191 202
18 0.10567696 132 96 191 202
8 0.09839272 134 99 193 208
2 0.070843615 162 100 223 204
18 0.07073997 162 100 223 204
19 0.056005564 132 96 191 202
5 0.055421665 134 99 193 208
15 0.035355438 132 96 191 202
2 0.0281561 153 75 234 234
20 0.021800423 134 99 193 208
14 0.02048717 134 99 193 208
19 0.02026439 162 100 223 204
18 0.019939337 153 75 234 234
8 0.019745022 166 98 226 206
2 0.017565193 121 72 201 232
5 0.016939458 166 98 226 206
15 0.012041072 162 100 223 204
18 0.011677683 121 72 201 232
19 0.01129447 121 72 201 232
13 0.010874939 134 99 193 208
19 0.008412246 153 75 234 234
