12 0.22598471 140 70 179 165
12 0.07115954 181 68 239 175
12 0.025222966 220 67 275 175
12 0.022954477 136 34 192 149
13 0.022121213 140 70 179 165
12 0.018734539 83 69 146 166
13 0.01613663 136 34 192 149
2 0.014987927 140 70 179 165
12 0.011631553 125 20 177 221
13 0.011168669 163 40 249 196
2 0.011130017 125 20 177 221
6 0.010675281 183 37 248 146
12 0.009310982 183 37 248 146
12 0.009057639 136 83 190 213
12 0.00897939 87 36 143 138
6 0.007365943 210 18 278 162
13 0.007182239 125 20 177 221
12 0.0070372988 221 90 289 216
12 0.006372233 172 23 229 216
6 0.0059815827 136 34 192 149
13 0.0055026347 131 0 276 183
7 0.0054762303 125 20 177 221
2 0.0053547653 163 40 249 196
13 0.005290218 181 68 239 175
13 0.0052333623 104 0 208 179
7 0.0051420834 140 70 179 165
