13 0.16014096 80 0 142 149
12 0.06171787 94 27 145 132
13 0.055419147 66 0 159 198
13 0.051918328 126 24 182 146
6 0.034059502 94 27 145 132
6 0.033442296 76 0 159 151
12 0.030499628 126 24 182 146
4 0.025627855 80 0 142 149
8 0.019806081 66 0 159 198
6 0.01842036 55 36 95 128
18 0.017443003 80 0 142 149
12 0.016245596 66 0 159 198
13 0.016139947 55 36 95 128
6 0.016047824 126 24 182 146
12 0.015956748 55 36 95 128
12 0.0145282615 100 67 144 154
8 0.012279983 80 0 142 149
4 0.012037507 66 0 159 198
