12 0.119856104 90 67 141 161
12 0.04642319 129 63 185 168
2 0.032785762 90 67 141 161
13 0.031133035 90 67 141 161
12 0.026010774 177 62 236 176
13 0.021431433 129 63 185 168
2 0.020098716 129 63 185 168
6 0.019603277 90 67 141 161
7 0.013191425 90 67 141 161
2 0.011894211 74 40 139 197
6 0.01140482 129 63 185 168
12 0.0096922675 74 40 139 197
12 0.008285343 223 65 270 172
7 0.0077321897 129 63 185 168
13 0.0070661507 74 40 139 197
2 0.006433401 113 38 186 199
12 0.005574752 36 63 95 172
6 0.0050632586 74 40 139 197
6 0.005040466 177 62 236 176
