15 0.25778583 109 29 211 216
12 0.22741981 120 69 210 229
15 0.18162811 141 46 183 240
19 0.17528808 141 46 183 240
15 0.13827172 146 47 247 192
12 0.103219405 157 64 233 232
19 0.0860916 120 128 192 240
19 0.07912754 120 69 210 229
14 0.07475896 52 0 259 240
18 0.06852352 120 128 192 240
14 0.06844974 120 69 210 229
12 0.058827825 120 128 192 240
19 0.04843674 157 64 233 232
12 0.04769976 141 46 183 240
8 0.04683422 120 128 192 240
15 0.042830016 176 45 229 240
14 0.042638786 146 47 247 192
18 0.039867137 120 69 210 229
20 0.03957316 120 69 210 229
19 0.037957896 26 6 281 240
15 0.032696903 120 128 192 240
