13 0.16974868 137 38 176 143
12 0.06151262 137 38 176 143
13 0.057307538 97 37 139 135
6 0.022993173 137 38 176 143
21 0.018051937 127 45 182 189
21 0.01653557 120 0 191 240
13 0.015203582 82 22 149 156
12 0.014488658 97 37 139 135
3 0.014126846 137 70 174 166
6 0.014016248 97 37 139 135
7 0.013752651 97 37 139 135
7 0.0122441575 137 38 176 143
8 0.01183157 137 38 176 143
13 0.010534821 125 4 181 172
5 0.009539016 137 38 176 143
20 0.007934864 137 38 176 143
19 0.0077524427 131 24 177 157
12 0.0077098184 101 65 139 170
21 0.0075079803 137 70 174 166
13 0.0071845143 101 65 139 170
18 0.006855578 131 24 177 157
11 0.0059632654 131 24 177 157
8 0.005949683 97 37 139 135
