13 0.38834044 125 0 193 240
13 0.15709487 141 55 181 186
13 0.09445011 85 0 147 240
10 0.0941332 128 0 175 240
13 0.08061578 7 144 33 235
7 0.064561576 118 27 198 225
13 0.059250824 99 45 139 192
10 0.051647037 141 55 181 186
6 0.051441506 141 55 181 186
4 0.04826933 118 27 198 225
7 0.04521427 82 30 244 210
13 0.043371838 137 37 170 147
6 0.035920598 128 0 175 240
13 0.030980604 97 26 131 148
20 0.028848166 128 0 175 240
13 0.02807808 8 98 38 216
4 0.02778336 141 55 181 186
2 0.027529487 128 0 175 240
6 0.026312336 137 37 170 147
12 0.023064634 140 131 185 235
13 0.02101708 62 0 173 192
13 0.020728601 0 87 58 240
13 0.02053134 12 32 41 138
12 0.019711424 141 55 181 186
