15 0.28134546 124 11 193 235
19 0.25618783 139 36 187 240
12 0.20208538 124 65 211 233
19 0.104641855 114 0 210 240
15 0.099602655 153 29 242 212
12 0.0932358 163 64 230 235
19 0.08853782 121 130 193 237
14 0.088217095 124 65 211 233
19 0.08232321 21 4 290 240
19 0.048319858 174 35 230 240
15 0.048247058 121 130 193 237
20 0.04758564 124 65 211 233
12 0.04506575 139 36 187 240
8 0.04227376 121 130 193 237
20 0.040367246 121 130 193 237
14 0.0383415 40 0 272 240
18 0.037118148 121 130 193 237
12 0.03648638 121 130 193 237
