12 0.25071064 130 77 181 153
12 0.07076171 175 74 239 160
12 0.04168577 84 76 143 156
12 0.03681743 126 28 176 211
12 0.025360307 221 67 274 168
12 0.024842214 129 44 189 136
12 0.01959249 82 49 146 124
12 0.014899851 174 32 227 202
12 0.013866082 133 96 190 195
12 0.010872204 179 37 245 142
12 0.01055528 67 16 143 222
4 0.009551925 126 28 176 211
4 0.0076989937 130 77 181 153
7 0.007345501 130 77 181 153
7 0.0062513147 126 28 176 211
4 0.0058679515 73 31 147 199
12 0.0056952354 223 84 285 218
12 0.00501493 207 27 278 206
