13 0.5333809 87 0 144 240
13 0.1343947 99 89 147 208
7 0.08728348 85 54 148 240
6 0.071631394 91 53 140 194
13 0.0664354 92 34 131 150
7 0.06542525 99 89 147 208
4 0.04200755 75 3 153 240
13 0.040916312 10 53 43 191
6 0.032518253 92 34 131 150
13 0.02567764 112 0 199 238
13 0.025534863 50 58 92 187
13 0.024577372 134 69 174 177
13 0.02442874 49 29 84 145
4 0.02434968 99 89 147 208
12 0.024204088 99 89 147 208
10 0.02406242 99 89 147 208
10 0.023773417 85 54 148 240
13 0.022635851 5 99 37 216
13 0.018606693 25 13 120 232
13 0.015600578 192 143 224 236
