15 0.16191868 202 5 295 227
15 0.1339623 217 68 294 181
14 0.08906146 196 39 308 240
17 0.057278927 201 47 309 240
19 0.03407585 243 56 320 240
15 0.033094842 243 56 320 240
13 0.03305805 201 47 309 240
19 0.030121103 217 68 294 181
18 0.024674723 215 57 284 181
21 0.024629591 180 38 320 240
6 0.023282344 215 57 284 181
8 0.021532761 215 57 284 181
12 0.019816564 215 57 284 181
19 0.019751323 202 5 295 227
9 0.019405685 180 38 320 240
13 0.018564092 215 57 284 181
15 0.018042896 116 0 299 240
20 0.01778315 215 57 284 181
