13 0.21200992 98 32 143 137
13 0.11901651 129 20 188 157
13 0.09628281 82 1 148 174
13 0.051431637 102 68 144 157
6 0.031660303 98 32 143 137
12 0.031076238 98 32 143 137
2 0.026606485 98 32 143 137
13 0.023916835 55 38 96 131
18 0.022245727 82 1 148 174
6 0.013379259 55 38 96 131
13 0.013266521 28 2 121 176
13 0.012730879 90 0 139 116
8 0.012541676 98 32 143 137
12 0.011922516 102 68 144 157
7 0.011814443 98 32 143 137
2 0.011767762 129 20 188 157
2 0.01103526 82 1 148 174
8 0.010826261 82 1 148 174
18 0.010599836 124 3 177 177
2 0.010388669 102 68 144 157
12 0.01031882 129 20 188 157
6 0.009919773 129 20 188 157
6 0.009917773 82 1 148 174
6 0.008936688 102 68 144 157
13 0.008453574 54 0 163 130
