12 0.30811134 84 71 133 157
13 0.23772459 81 47 136 131
12 0.21488084 81 47 136 131
13 0.07121685 79 11 139 174
6 0.05062117 81 47 136 131
2 0.043839563 81 47 136 131
13 0.034189582 84 71 133 157
12 0.03341852 129 67 183 170
6 0.024652543 79 11 139 174
12 0.023002379 180 65 234 174
2 0.0224946 70 5 139 227
6 0.018093802 84 71 133 157
12 0.015877599 70 5 139 227
2 0.015004125 84 71 133 157
7 0.014005953 84 71 133 157
7 0.013356777 81 47 136 131
13 0.011999624 129 67 183 170
12 0.01136496 38 63 94 173
12 0.008971366 86 84 140 210
8 0.008461433 81 47 136 131
13 0.008281185 123 22 190 155
4 0.008089609 81 47 136 131
13 0.007818532 110 43 202 192
4 0.007434636 79 11 139 174
12 0.007114667 224 63 271 173
7 0.0063963165 79 11 139 174
18 0.0063590854 81 47 136 131
8 0.0062377504 79 11 139 174
