13 0.17918451 133 29 193 143
12 0.07077335 133 29 193 143
6 0.042248853 133 29 193 143
7 0.021629576 133 29 193 143
8 0.021397352 133 29 193 143
6 0.016423497 55 44 100 126
19 0.015558317 135 5 180 172
4 0.015061888 135 5 180 172
8 0.0147802215 55 44 100 126
20 0.014645309 133 29 193 143
13 0.013114705 90 34 140 129
21 0.012622568 132 34 183 194
2 0.011325687 135 5 180 172
18 0.011155224 135 5 180 172
16 0.009898087 135 5 180 172
13 0.0098887235 55 44 100 126
3 0.009716858 132 60 196 166
18 0.008715891 113 25 203 206
