13 0.07168469 96 37 146 136
6 0.061835732 96 37 146 136
13 0.058334522 72 18 158 165
13 0.058000237 131 26 187 153
12 0.047916356 96 37 146 136
6 0.038275957 71 12 155 168
12 0.023437608 131 26 187 153
6 0.02317001 131 26 187 153
18 0.019895885 71 12 155 168
6 0.018739322 53 39 101 134
13 0.01855538 103 70 145 157
7 0.01705235 96 37 146 136
12 0.015239045 103 70 145 157
13 0.014612074 27 3 121 177
18 0.014483916 115 13 184 170
13 0.0140462415 99 22 213 165
8 0.01363858 71 12 155 168
13 0.013281057 53 39 101 134
6 0.012782211 103 70 145 157
8 0.009000023 96 37 146 136
2 0.008623863 96 37 146 136
6 0.008506315 77 0 139 78
6 0.008455981 31 0 113 112
