13 0.1869173 141 28 175 149
12 0.055674896 141 28 175 149
13 0.054217678 98 33 140 139
5 0.030499615 141 28 175 149
21 0.023437027 138 21 171 162
6 0.02135053 141 28 175 149
7 0.017539872 141 28 175 149
20 0.016047638 141 28 175 149
21 0.015749305 118 15 182 165
8 0.0140692545 141 28 175 149
19 0.012346818 138 21 171 162
18 0.010956109 138 21 171 162
13 0.010830679 118 15 182 165
7 0.010420965 98 33 140 139
3 0.010362484 141 28 175 149
12 0.009716401 98 33 140 139
10 0.009436329 138 21 171 162
6 0.008492708 98 33 140 139
13 0.008128586 77 7 154 173
5 0.0076224543 118 15 182 165
14 0.0075497436 138 21 171 162
21 0.00626208 118 5 206 235
