18 0.07369664 96 26 226 214
15 0.04129322 96 26 226 214
12 0.034220003 150 40 252 125
8 0.031617556 150 40 252 125
12 0.031098744 89 64 217 169
2 0.027500367 96 26 226 214
18 0.026422624 152 0 254 240
17 0.025867596 96 26 226 214
15 0.021845344 152 25 251 240
12 0.019587597 151 70 250 161
8 0.019227574 89 64 217 169
15 0.018672425 150 40 252 125
12 0.018407544 129 0 284 189
14 0.016987778 96 26 226 214
12 0.016747976 111 96 204 202
2 0.016539276 62 0 265 240
19 0.016495835 79 13 248 226
7 0.015915735 96 26 226 214
11 0.0155070815 79 13 248 226
8 0.01539206 151 70 250 161
12 0.014753525 160 88 243 208
14 0.014642295 150 40 252 125
15 0.014236899 129 0 284 189
12 0.01381679 103 36 217 240
8 0.013458216 96 46 216 126
12 0.012327733 96 46 216 126
