13 0.43915123 88 38 136 137
12 0.14420033 87 62 141 162
2 0.05865384 88 38 136 137
13 0.03495807 73 22 147 158
12 0.03099193 129 62 186 172
13 0.028341563 127 19 182 155
12 0.025946561 178 65 236 174
6 0.02028043 88 38 136 137
2 0.014660434 75 21 140 212
7 0.009794579 88 38 136 137
2 0.009671733 129 62 186 172
12 0.00934205 223 66 272 169
13 0.008835862 111 43 204 193
13 0.008152482 93 0 140 108
13 0.0071361484 143 0 181 71
8 0.0071169534 88 38 136 137
4 0.0070156907 86 18 139 165
12 0.0067326245 37 58 94 178
18 0.006319144 88 38 136 137
13 0.0062723216 121 0 193 87
13 0.0056221336 159 49 255 190
13 0.0055462583 178 65 236 174
