2 0.08222403 18 55 117 191
6 0.07539356 26 32 99 215
18 0.07269982 26 32 99 215
4 0.049227457 18 55 117 191
8 0.048559476 32 79 98 168
13 0.044524375 26 32 99 215
6 0.038770687 32 79 98 168
13 0.03847179 32 79 98 168
18 0.036839563 32 79 98 168
8 0.02926226 26 32 99 215
2 0.026078377 32 79 98 168
12 0.025532667 32 79 98 168
4 0.019483482 32 79 98 168
13 0.016717292 166 0 241 97
7 0.012523677 32 79 98 168
5 0.012057233 26 32 99 215
13 0.011940122 215 6 288 161
12 0.011599043 26 32 99 215
11 0.0109550385 26 32 99 215
13 0.010655334 192 0 315 234
18 0.010252919 0 38 70 209
13 0.010249113 186 0 228 73
2 0.009330779 30 8 192 237
