13 0.17415059 128 17 204 152
12 0.06964245 128 17 204 152
7 0.046522398 128 17 204 152
6 0.040503517 128 17 204 152
18 0.039931428 132 16 180 161
20 0.030871125 128 17 204 152
19 0.026714392 132 16 180 161
21 0.025249852 132 16 180 161
8 0.018940369 128 17 204 152
6 0.01808806 51 45 101 127
4 0.015540902 132 16 180 161
8 0.015005857 51 45 101 127
21 0.013627735 114 31 206 198
18 0.012705286 114 31 206 198
2 0.011553041 122 18 192 154
3 0.011452369 128 17 204 152
15 0.010771091 132 16 180 161
5 0.010704967 128 17 204 152
