13 0.34902817 134 0 197 240
13 0.16172114 148 47 183 195
13 0.15434532 9 148 37 235
10 0.09763906 139 0 186 240
13 0.07599675 141 29 175 151
13 0.050566256 46 26 181 230
6 0.049890757 148 47 183 195
13 0.046938498 50 31 83 137
7 0.046672776 83 24 244 219
12 0.04553093 147 131 187 237
4 0.041416176 122 35 204 221
13 0.0379919 53 41 89 190
6 0.037033506 141 29 175 151
6 0.03591048 139 0 186 240
7 0.032273576 122 35 204 221
10 0.030666267 148 47 183 195
13 0.030138481 0 96 55 240
4 0.029723132 139 0 186 240
13 0.027393276 13 54 42 182
2 0.02699565 139 0 186 240
7 0.024995262 2 0 227 238
10 0.02438121 122 35 204 221
7 0.02392125 139 0 186 240
13 0.021449799 18 0 124 236
13 0.02045636 90 31 129 138
