12 0.25719506 78 73 137 159
12 0.05729142 69 34 143 209
6 0.036584664 78 73 137 159
12 0.034244295 125 62 186 174
12 0.024932982 85 47 139 128
12 0.020836418 179 65 233 176
8 0.017918933 69 34 143 209
6 0.017167686 69 34 143 209
12 0.012317354 34 69 92 165
16 0.01144622 69 34 143 209
12 0.010992812 81 92 139 201
4 0.010739287 78 73 137 159
4 0.010673051 69 34 143 209
8 0.0106655955 78 73 137 159
7 0.009952366 78 73 137 159
13 0.008857847 78 73 137 159
2 0.008635999 78 73 137 159
12 0.008319324 107 26 194 213
20 0.008201777 69 34 143 209
2 0.007964921 69 34 143 209
12 0.007642625 223 65 269 171
12 0.007571879 21 8 108 225
12 0.006694327 40 42 95 129
20 0.0064556585 78 73 137 159
6 0.0061687357 85 47 139 128
13 0.00608574 69 34 143 209
11 0.0051284893 78 73 137 159
6 0.0050215498 125 62 186 174
