2 0.19857365 10 66 129 176
2 0.1775183 27 32 99 210
13 0.1553086 29 71 91 173
6 0.08961462 27 32 99 210
13 0.057860937 10 66 129 176
18 0.046930086 27 32 99 210
13 0.037514687 36 31 93 144
8 0.029075852 29 71 91 173
18 0.028889498 10 66 129 176
12 0.026083073 29 71 91 173
4 0.021606749 27 32 99 210
13 0.019386675 30 7 116 171
4 0.01786695 10 66 129 176
6 0.016633626 10 66 129 176
13 0.016175037 3 69 46 181
13 0.014743111 213 13 286 159
13 0.014280607 66 33 137 138
2 0.014207779 63 36 144 205
13 0.013794499 239 32 272 142
2 0.013611755 35 102 85 198
2 0.011648457 0 31 69 213
13 0.011450422 73 73 134 171
