13 0.12949188 92 32 146 128
13 0.07740477 79 0 144 157
13 0.043131027 127 28 186 147
12 0.038296428 92 32 146 128
6 0.019532517 92 32 146 128
13 0.017471159 55 41 95 126
18 0.015458463 79 11 154 162
8 0.013997532 92 32 146 128
8 0.013677216 72 0 157 187
6 0.013495809 72 0 157 187
6 0.013087965 55 41 95 126
4 0.011588986 79 11 154 162
8 0.010697392 55 41 95 126
12 0.009827506 72 0 157 187
12 0.008987136 55 41 95 126
12 0.008769112 127 28 186 147
10 0.008677933 119 1 186 172
7 0.008352751 92 32 146 128
2 0.008259917 72 0 157 187
10 0.008191642 79 11 154 162
