13 0.23464623 280 143 320 234
13 0.15639663 236 109 271 200
13 0.14952339 280 117 320 198
13 0.14460817 95 99 137 218
13 0.13716252 25 108 116 240
13 0.11659665 255 97 320 240
13 0.10959621 47 136 96 240
13 0.09528839 66 91 162 233
13 0.052227933 55 106 93 217
13 0.04266952 211 89 295 224
13 0.029587083 278 75 319 177
13 0.025398642 233 132 281 240
4 0.024542404 255 97 320 240
13 0.022707025 88 79 230 233
8 0.022504432 32 104 118 240
4 0.021122668 280 143 320 234
20 0.020842724 25 108 116 240
13 0.019244827 134 137 181 240
7 0.019194283 280 143 320 234
20 0.017950237 47 136 96 240
13 0.017632725 228 175 271 240
4 0.015659584 25 108 116 240
