8 0.052784145 37 82 96 164
4 0.04171101 24 54 119 193
6 0.03683112 32 45 97 201
8 0.036792513 37 118 98 182
12 0.035541065 37 118 98 182
8 0.032801002 32 45 97 201
11 0.031047985 27 73 96 227
6 0.025826592 37 118 98 182
2 0.02426403 37 118 98 182
2 0.023918834 24 54 119 193
12 0.020197235 37 82 96 164
2 0.019659035 37 82 96 164
11 0.019050812 37 118 98 182
6 0.016503377 37 82 96 164
11 0.014346306 37 82 96 164
18 0.012388931 32 45 97 201
12 0.0112488475 32 45 97 201
4 0.011078554 37 82 96 164
18 0.010519753 37 82 96 164
13 0.010499602 37 82 96 164
7 0.009688392 32 45 97 201
7 0.00963009 37 82 96 164
13 0.008165496 208 21 295 142
