19 0.246467 141 39 187 240
12 0.2286779 125 70 211 228
15 0.22239491 128 7 191 238
12 0.12550817 164 62 230 235
15 0.108633175 158 27 240 213
19 0.0895708 117 6 208 239
19 0.08361301 120 131 193 235
19 0.07715154 17 0 291 240
14 0.068407185 125 70 211 228
19 0.0676889 177 39 226 240
8 0.060163613 120 131 193 235
12 0.059022162 141 39 187 240
20 0.055172 125 70 211 228
12 0.05488156 120 131 193 235
15 0.05338703 120 131 193 235
20 0.053212933 120 131 193 235
14 0.046663288 158 27 240 213
14 0.044993103 35 0 275 240
