14 0.2481903 157 70 256 239
19 0.09460808 137 80 266 218
14 0.07560916 132 23 285 229
19 0.05862877 108 70 223 232
14 0.056410417 125 94 213 216
2 0.056260437 108 70 223 232
2 0.05585811 137 80 266 218
18 0.048597664 137 80 266 218
13 0.041293196 125 94 213 216
18 0.035218798 125 94 213 216
14 0.030726513 157 29 254 140
13 0.025315631 157 70 256 239
10 0.024276856 109 60 219 240
14 0.023499954 100 27 226 220
21 0.022628304 109 60 219 240
15 0.02181504 125 94 213 216
15 0.02149227 157 70 256 239
14 0.020026088 199 69 310 232
1 0.019793889 137 80 266 218
