13 0.11285046 144 21 174 156
5 0.038628288 144 21 174 156
12 0.03355843 144 21 174 156
13 0.02448367 101 23 132 143
18 0.023289582 137 3 176 179
21 0.022245254 137 3 176 179
10 0.021067966 137 3 176 179
6 0.019907761 144 21 174 156
7 0.016183898 144 21 174 156
14 0.015842216 137 3 176 179
13 0.015481974 117 24 186 153
12 0.01370079 101 23 132 143
8 0.013268556 144 21 174 156
19 0.013216133 144 21 174 156
20 0.011566602 144 21 174 156
21 0.01106061 117 24 186 153
18 0.0094549535 117 24 186 153
15 0.008897274 137 3 176 179
3 0.008323714 144 21 174 156
7 0.008251047 101 23 132 143
13 0.008227322 60 43 97 127
6 0.008087902 60 43 97 127
12 0.0080631515 60 43 97 127
18 0.007518083 82 5 150 173
10 0.007222735 117 24 186 153
14 0.0070844814 10 0 136 174
14 0.0069633625 121 11 204 162
