13 0.20437168 135 29 188 142
12 0.075399175 135 29 188 142
13 0.030995643 90 34 142 129
4 0.02908656 130 0 188 179
19 0.025697876 129 1 179 174
13 0.014151511 69 11 152 166
13 0.011878542 54 44 101 127
20 0.011430996 135 29 188 142
12 0.010231814 90 34 142 129
8 0.010024164 135 29 188 142
19 0.0095361825 119 18 196 215
13 0.009236517 119 18 196 215
6 0.0091381185 54 44 101 127
8 0.008855307 54 44 101 127
2 0.008737868 130 0 188 179
7 0.0084883645 135 29 188 142
6 0.008247178 130 0 188 179
4 0.005661383 72 0 142 177
