13 0.41641048 83 45 137 132
12 0.26367867 86 71 133 157
13 0.11256858 77 10 141 175
12 0.0903821 83 45 137 132
13 0.05875318 86 71 133 157
6 0.04871859 83 45 137 132
2 0.026809936 83 45 137 132
12 0.0267212 131 67 182 170
6 0.024700515 86 71 133 157
12 0.020411279 180 65 233 174
2 0.01935782 68 8 142 225
7 0.018441632 86 71 133 157
13 0.017418327 131 67 182 170
2 0.016976504 86 71 133 157
12 0.01510934 68 8 142 225
7 0.011263935 83 45 137 132
6 0.010836591 77 10 141 175
12 0.010166012 39 63 94 172
13 0.008582019 111 42 202 192
12 0.0085602105 87 83 139 211
8 0.007978503 83 45 137 132
13 0.007397145 93 0 143 105
12 0.0071577416 224 63 271 172
4 0.006202142 86 71 133 157
6 0.005902106 131 67 182 170
7 0.0056215217 68 8 142 225
13 0.0055882065 160 44 254 194
8 0.0054617724 68 8 142 225
