15 0.09580795 213 61 294 189
17 0.067974985 205 58 303 240
13 0.060231585 222 68 280 173
13 0.055303644 207 16 289 218
8 0.03905761 222 68 280 173
15 0.03843846 181 39 320 240
6 0.03842373 222 68 280 173
18 0.03628962 207 16 289 218
14 0.035145704 193 24 301 240
18 0.03076253 222 68 280 173
19 0.03049264 213 61 294 189
8 0.026461577 259 133 320 240
16 0.026313217 205 58 303 240
4 0.024291176 207 16 289 218
8 0.023754615 219 129 285 240
19 0.02151497 242 57 320 240
13 0.02083335 219 129 285 240
21 0.020227734 181 39 320 240
13 0.018209465 182 122 231 194
3 0.017912965 213 61 294 189
13 0.017861394 259 133 320 240
19 0.01661445 193 24 301 240
