14 0.20531648 93 0 225 240
19 0.1567935 18 31 214 207
9 0.1343936 73 37 239 205
15 0.06869537 93 0 225 240
19 0.058438707 93 0 225 240
17 0.051690213 73 37 239 205
16 0.04629911 18 31 214 207
20 0.044382453 93 0 225 240
9 0.039212793 44 0 204 240
14 0.035996497 18 31 214 207
21 0.031816643 18 31 214 207
8 0.031597834 93 0 225 240
16 0.026333703 93 0 225 240
17 0.02418335 44 0 204 240
14 0.02211106 74 23 320 221
14 0.0207443 193 69 302 240
12 0.018588185 93 0 225 240
14 0.018168222 139 5 266 236
