12 0.109584995 91 69 138 164
12 0.044217348 132 64 184 170
13 0.042691857 91 69 138 164
2 0.03275348 91 69 138 164
12 0.027404262 178 63 237 176
13 0.022872001 132 64 184 170
6 0.019931845 91 69 138 164
2 0.018684784 132 64 184 170
13 0.018449744 85 33 143 141
7 0.015108274 91 69 138 164
13 0.012764038 134 31 189 142
2 0.010675497 75 42 137 195
6 0.010176263 132 64 184 170
7 0.009744444 132 64 184 170
13 0.009590248 75 42 137 195
12 0.008696262 224 65 271 173
6 0.00866367 85 33 143 141
12 0.008026416 89 85 145 207
2 0.0074348184 85 33 143 141
12 0.007118183 75 42 137 195
6 0.006846414 134 31 189 142
12 0.006084515 35 63 95 173
12 0.00600261 85 33 143 141
2 0.005204267 114 38 185 197
6 0.0050539207 178 63 237 176
