13 0.3003214 130 26 180 145
13 0.10613631 90 31 136 129
10 0.034691803 119 17 189 155
6 0.029528193 130 26 180 145
13 0.02387113 67 18 162 157
2 0.023234915 130 26 180 145
13 0.02242561 57 40 97 125
6 0.016724586 57 40 97 125
18 0.016426815 124 8 182 166
8 0.014282108 130 26 180 145
6 0.013946666 90 31 136 129
13 0.0112014795 97 55 139 168
8 0.010689701 57 40 97 125
21 0.010116772 130 26 180 145
12 0.009900262 130 26 180 145
5 0.00863972 130 26 180 145
7 0.00822209 130 26 180 145
8 0.0076758233 90 31 136 129
2 0.007295512 90 31 136 129
19 0.006804372 130 26 180 145
7 0.006647567 90 31 136 129
12 0.0064878007 90 31 136 129
7 0.0063566193 57 40 97 125
13 0.0062618214 132 3 188 106
18 0.0062466282 67 18 162 157
12 0.006135901 57 40 97 125
