13 0.42675295 122 49 215 240
13 0.34801552 150 86 243 219
13 0.34705913 134 92 195 211
4 0.069615126 150 86 243 219
4 0.045548342 125 84 211 226
8 0.029714946 134 92 195 211
11 0.026363365 122 49 215 240
13 0.025245216 12 39 39 129
6 0.024803586 134 92 195 211
13 0.022647982 164 9 233 238
13 0.021829728 131 33 268 214
13 0.02166758 133 59 181 182
11 0.021307033 131 96 204 213
13 0.020951409 175 48 218 199
8 0.019845383 163 86 228 219
13 0.01941337 167 138 228 229
6 0.017439742 163 86 228 219
17 0.016873585 125 84 211 226
11 0.014364449 158 78 252 232
8 0.014147307 122 49 215 240
13 0.012330085 179 181 229 240
13 0.011360945 125 135 188 230
