13 0.21033183 133 28 191 143
12 0.063153274 133 28 191 143
6 0.038162697 133 28 191 143
7 0.019464241 133 28 191 143
8 0.01807782 133 28 191 143
6 0.015426081 55 44 100 126
13 0.015247363 90 33 139 130
8 0.01432507 55 44 100 126
4 0.013621399 134 4 180 173
2 0.01247349 134 4 180 173
19 0.011870726 134 4 180 173
20 0.011619178 133 28 191 143
21 0.010880588 131 31 183 197
13 0.010554883 55 44 100 126
18 0.009609286 131 31 183 197
3 0.008854494 132 59 195 167
16 0.008549206 134 4 180 173
2 0.008344789 112 26 203 205
13 0.008051241 112 26 203 205
