15 0.23286611 105 42 205 240
5 0.18607754 113 39 207 240
15 0.1273577 70 57 169 240
21 0.10392693 72 43 174 240
21 0.07333953 113 39 207 240
14 0.064735904 105 42 205 240
19 0.06249356 113 39 207 240
5 0.058236804 72 43 174 240
19 0.0515504 72 43 174 240
14 0.049059995 70 57 169 240
2 0.04427745 113 39 207 240
19 0.04292078 11 62 232 234
21 0.0394169 11 62 232 234
14 0.03540039 11 62 232 234
2 0.032818858 72 43 174 240
18 0.028615251 113 39 207 240
8 0.018725239 113 39 207 240
20 0.015353173 113 39 207 240
