13 0.2004238 102 32 140 134
13 0.09567437 81 29 152 149
13 0.08990718 132 20 182 153
6 0.080117725 102 32 140 134
13 0.06595088 103 73 143 155
6 0.06369182 103 73 143 155
12 0.047175005 102 32 140 134
6 0.038453974 132 20 182 153
13 0.032480046 58 38 100 133
18 0.031150643 81 29 152 149
6 0.031067982 58 38 100 133
12 0.027319033 103 73 143 155
13 0.021803599 96 24 201 154
6 0.020214647 81 29 152 149
13 0.018154705 71 55 166 182
12 0.017327022 132 20 182 153
13 0.01594171 32 12 116 167
2 0.01478342 102 32 140 134
2 0.013516177 103 73 143 155
7 0.013411457 102 32 140 134
7 0.013326218 103 73 143 155
8 0.012483873 103 73 143 155
2 0.01173265 132 20 182 153
12 0.011673951 58 38 100 133
18 0.011609643 71 55 166 182
18 0.011355428 103 73 143 155
18 0.0110234395 121 27 178 156
8 0.010695535 102 32 140 134
18 0.010501767 102 32 140 134
