13 0.29031202 30 82 111 232
13 0.23595606 68 87 147 227
13 0.12377745 283 103 316 207
13 0.06807472 98 73 133 177
13 0.04229442 88 40 130 213
20 0.036835983 30 82 111 232
13 0.033934504 85 111 133 240
13 0.029314676 52 72 90 174
10 0.026458427 45 72 97 240
13 0.02579453 232 108 268 203
13 0.023252258 268 74 320 237
21 0.022103893 45 72 97 240
13 0.018341763 48 38 96 210
18 0.015866157 45 72 97 240
17 0.013986532 45 72 97 240
13 0.012082875 194 74 311 225
7 0.0119166225 37 66 104 237
13 0.011831276 89 78 230 232
