12 0.11697889 92 71 138 160
12 0.04887073 131 69 183 165
12 0.026957866 177 66 236 174
13 0.021889396 92 71 138 160
2 0.02130875 92 71 138 160
6 0.020759884 92 71 138 160
13 0.013624186 131 69 183 165
2 0.012454075 131 69 183 165
7 0.011516698 92 71 138 160
13 0.011226517 88 38 140 136
6 0.010235231 88 38 140 136
6 0.010089458 131 69 183 165
6 0.009073873 135 37 188 138
12 0.009021893 73 43 141 195
12 0.008663136 224 65 271 173
2 0.00847333 73 43 141 195
12 0.008444904 88 38 140 136
13 0.00779859 135 37 188 138
12 0.0077343825 88 86 146 206
13 0.007180946 73 43 141 195
7 0.0070548193 131 69 183 165
12 0.005955377 35 64 94 172
2 0.0054672095 88 38 140 136
6 0.0052656485 73 43 141 195
