19 0.20843995 137 52 192 240
15 0.19652131 123 19 204 223
15 0.102807924 148 30 246 212
19 0.09584937 109 46 222 240
12 0.093432635 117 65 213 231
19 0.08021251 117 127 192 238
8 0.074946046 117 127 192 238
19 0.06950232 158 61 232 235
12 0.065944105 158 61 232 235
14 0.065836966 117 65 213 231
20 0.057983097 117 65 213 231
14 0.053282008 148 30 246 212
19 0.04857199 39 3 270 240
20 0.048556555 117 127 192 238
15 0.04629472 117 127 192 238
8 0.04469693 117 65 213 231
12 0.037722033 117 127 192 238
8 0.036140732 158 61 232 235
20 0.03577126 158 61 232 235
