13 0.14857365 96 31 143 129
13 0.07629037 75 0 154 179
12 0.043033954 96 31 143 129
13 0.041097 129 22 184 152
6 0.025590582 96 31 143 129
13 0.022576146 57 39 95 129
18 0.018149847 81 12 150 163
6 0.017480573 75 0 154 179
6 0.016996926 57 39 95 129
2 0.015867151 75 0 154 179
8 0.015505482 75 0 154 179
13 0.015486316 83 0 146 114
8 0.01527905 96 31 143 129
2 0.013069778 96 31 143 129
13 0.010688405 34 5 116 169
8 0.009712966 57 39 95 129
12 0.00968342 57 39 95 129
12 0.009125667 99 70 143 152
12 0.008384387 129 22 184 152
13 0.008249347 99 70 143 152
12 0.007590842 75 0 154 179
7 0.0074808295 96 31 143 129
