13 0.5081474 86 67 135 182
13 0.34782702 94 97 142 202
13 0.31617758 85 16 140 237
7 0.106188506 94 97 142 202
6 0.07084384 86 67 135 182
6 0.066521384 94 97 142 202
4 0.06464067 77 9 144 240
7 0.0609492 77 9 144 240
13 0.036902606 49 64 89 181
13 0.031020628 133 101 182 205
13 0.03016696 11 29 43 146
4 0.028965585 94 97 142 202
13 0.028453898 89 40 128 143
12 0.026986875 94 97 142 202
13 0.026793985 6 55 40 189
13 0.026520595 3 102 34 214
13 0.02534508 191 147 222 231
10 0.023528874 94 97 142 202
13 0.022262685 49 26 86 145
13 0.021986375 132 77 175 170
13 0.01908844 23 32 122 217
13 0.017753664 114 6 201 235
13 0.016789604 186 111 219 200
7 0.01637944 103 134 140 230
2 0.01595216 94 97 142 202
20 0.015453706 77 9 144 240
13 0.015368509 59 50 173 240
6 0.014996591 77 9 144 240
13 0.014290087 234 148 269 236
7 0.014050856 86 67 135 182
