2 0.21024634 132 96 192 203
18 0.0998555 132 96 192 203
8 0.094909966 135 99 194 208
2 0.067056976 162 101 223 204
18 0.062448323 162 101 223 204
5 0.049599428 132 96 192 203
19 0.048808064 132 96 192 203
15 0.03307286 132 96 192 203
2 0.027488021 154 71 233 238
14 0.020790402 135 99 194 208
8 0.01997167 167 100 225 205
20 0.019685814 135 99 194 208
18 0.017686367 154 71 233 238
19 0.01751676 162 101 223 204
5 0.015428377 162 101 223 204
13 0.011742611 135 99 194 208
2 0.011224966 112 18 196 234
15 0.011118639 162 101 223 204
4 0.0081787435 132 96 192 203
