13 0.27089477 95 41 149 127
13 0.13606334 129 31 182 148
13 0.12430389 76 0 154 177
13 0.043833796 108 0 197 171
12 0.020767448 129 31 182 148
12 0.019331675 95 41 149 127
4 0.01673484 76 0 154 177
13 0.016404923 90 1 140 108
6 0.0142411925 76 0 154 177
6 0.013050666 95 41 149 127
4 0.012512936 125 0 173 173
8 0.011836248 76 0 154 177
6 0.011789366 125 0 173 173
18 0.008765457 76 0 154 177
13 0.008612216 39 48 101 127
7 0.008468505 95 41 149 127
13 0.008422538 7 4 138 165
8 0.007550462 95 41 149 127
12 0.0070414688 76 0 154 177
7 0.0070203976 76 0 154 177
6 0.0059724404 8 50 48 128
12 0.0056890664 135 74 184 161
13 0.005670788 43 0 105 113
10 0.005442771 108 0 197 171
8 0.005430909 7 4 138 165
