13 0.19742751 98 32 143 134
13 0.0683293 129 20 183 152
13 0.06624403 101 73 143 154
6 0.046075106 98 32 143 134
12 0.044470742 98 32 143 134
6 0.038163323 101 73 143 154
12 0.035870094 101 73 143 154
13 0.032289334 57 37 97 132
2 0.02203417 98 32 143 134
6 0.021541664 57 37 97 132
18 0.020187257 87 16 144 163
12 0.017496914 129 64 186 163
6 0.016893372 129 20 183 152
13 0.014934382 85 25 150 204
7 0.014903322 101 73 143 154
2 0.0145785175 101 73 143 154
7 0.014175293 98 32 143 134
13 0.013369551 33 9 115 168
2 0.011317611 129 20 183 152
8 0.011116151 101 73 143 154
8 0.011073745 98 32 143 134
12 0.0095119355 57 37 97 132
7 0.007717651 85 25 150 204
8 0.006546592 57 37 97 132
