13 0.37425297 27 72 122 240
13 0.14105858 279 143 320 234
13 0.14014293 56 88 92 236
13 0.1391579 235 107 274 203
13 0.10568954 278 111 320 203
13 0.081460625 254 106 320 240
13 0.043792576 64 75 161 240
13 0.038082667 210 90 295 222
13 0.03501792 97 97 134 221
13 0.02969128 230 134 283 239
13 0.024933588 280 72 317 178
4 0.022643985 254 106 320 240
4 0.019971978 279 143 320 234
13 0.01880801 142 137 182 240
13 0.017695302 189 93 230 215
13 0.016662123 75 79 242 230
8 0.016342193 278 111 320 203
18 0.015566036 27 72 122 240
7 0.014552598 279 143 320 234
18 0.014098951 279 143 320 234
6 0.014028925 279 143 320 234
8 0.013830314 279 143 320 234
