13 0.24111941 98 30 148 136
13 0.18996146 127 11 183 165
13 0.1209456 81 0 149 178
13 0.041662455 105 66 143 158
6 0.037983272 98 30 148 136
2 0.023171915 98 30 148 136
13 0.02231729 56 34 96 134
6 0.019644873 56 34 96 134
2 0.017518625 127 11 183 165
6 0.01450114 127 11 183 165
13 0.014034991 60 0 162 117
18 0.01288831 81 0 149 178
12 0.012726886 98 30 148 136
6 0.01263931 105 66 143 158
8 0.012235967 98 30 148 136
13 0.012134477 30 2 122 176
7 0.011730927 98 30 148 136
12 0.010827303 105 66 143 158
6 0.010427477 81 0 149 178
2 0.009541319 105 66 143 158
12 0.009021804 135 64 183 163
7 0.008406794 105 66 143 158
