13 0.14984667 35 7 91 230
2 0.11208422 35 63 90 181
13 0.08043072 31 57 104 183
6 0.06187002 35 7 91 230
18 0.026133073 35 7 91 230
12 0.025619823 35 63 90 181
2 0.020647412 30 7 108 168
6 0.019882595 36 34 97 147
7 0.01739595 35 63 90 181
18 0.015055328 31 57 104 183
13 0.014390014 3 59 48 190
5 0.013601465 35 63 90 181
7 0.012602205 30 7 108 168
8 0.012164552 35 63 90 181
2 0.009557775 0 34 73 212
13 0.009070376 36 92 82 210
2 0.009066503 3 59 48 190
13 0.008964316 235 104 267 203
13 0.008279248 283 70 309 179
4 0.008124781 35 63 90 181
