8 0.14128533 132 91 188 211
18 0.1246235 132 91 188 211
2 0.11124338 132 91 188 211
19 0.101313174 132 91 188 211
5 0.077791855 132 91 188 211
20 0.045778386 132 101 193 207
18 0.030478986 155 97 230 212
15 0.030445717 132 91 188 211
14 0.02570605 132 91 188 211
2 0.02137673 155 97 230 212
8 0.015294586 155 97 230 212
19 0.014778525 155 97 230 212
5 0.013690857 155 97 230 212
2 0.011700596 116 18 195 235
21 0.010394716 132 91 188 211
13 0.010328692 132 101 193 207
12 0.010320651 132 91 188 211
19 0.009694175 105 91 208 240
