12 0.27197415 79 71 136 162
12 0.07649051 68 32 144 211
12 0.036126476 126 61 185 175
6 0.029047357 79 71 136 162
12 0.02546903 86 46 137 129
12 0.021814024 179 64 234 176
8 0.015483349 68 32 144 211
6 0.014684463 68 32 144 211
12 0.012175488 35 70 92 164
12 0.011809486 81 92 140 202
4 0.010788091 68 32 144 211
12 0.010547933 106 24 195 215
4 0.010362135 79 71 136 162
7 0.009665321 79 71 136 162
16 0.009220982 68 32 144 211
20 0.008976154 68 32 144 211
12 0.007950493 223 66 269 171
8 0.007924889 79 71 136 162
12 0.007596831 22 9 108 224
2 0.0074290205 68 32 144 211
2 0.0068987566 79 71 136 162
13 0.006745854 79 71 136 162
12 0.0064737676 41 42 95 129
20 0.0064591956 79 71 136 162
12 0.0053832564 158 31 248 202
6 0.005147095 86 46 137 129
