12 0.31137154 118 66 207 231
15 0.30890068 124 6 191 240
19 0.17947493 140 40 181 240
15 0.09614266 155 40 236 201
19 0.086448886 117 126 192 240
12 0.08565373 157 66 230 231
19 0.07597779 118 66 207 231
18 0.06966941 117 126 192 240
12 0.058694523 140 40 181 240
12 0.056528684 117 126 192 240
20 0.056111295 118 66 207 231
14 0.05016318 60 0 251 240
8 0.047663067 117 126 192 240
14 0.045167584 108 18 212 228
15 0.045092765 60 0 251 240
18 0.04348159 118 66 207 231
19 0.03831087 33 9 273 240
14 0.03587329 155 40 236 201
20 0.034280375 117 126 192 240
15 0.033282135 117 126 192 240
15 0.032076 105 23 195 161
12 0.03197779 87 71 160 232
19 0.02947413 157 66 230 231
