13 0.31750774 129 29 181 141
13 0.11430786 90 32 137 127
10 0.035476625 119 20 189 152
6 0.033884253 129 29 181 141
2 0.02601161 129 29 181 141
13 0.025012877 67 18 163 156
13 0.02258079 57 40 98 125
6 0.019378614 57 40 98 125
18 0.017877335 122 11 183 163
6 0.016820837 90 32 137 127
8 0.015283048 129 29 181 141
13 0.011979185 95 59 141 164
8 0.010909365 57 40 98 125
21 0.010014288 129 29 181 141
12 0.009093441 129 29 181 141
5 0.0085005835 129 29 181 141
8 0.00808744 90 32 137 127
2 0.007976621 90 32 137 127
7 0.007808989 129 29 181 141
13 0.0068318434 131 7 188 103
7 0.0063636657 57 40 98 125
18 0.0062812576 67 18 163 156
7 0.0062412173 90 32 137 127
13 0.00588899 108 15 214 153
19 0.0057748687 129 29 181 141
