17 0.1119783 204 18 299 219
15 0.05065232 201 21 297 224
3 0.043367065 211 39 300 210
15 0.038898423 250 54 320 240
21 0.027299626 187 57 318 240
20 0.026970336 224 52 270 195
16 0.022352736 187 57 318 240
14 0.020998783 187 57 318 240
3 0.020966629 224 52 270 195
18 0.020934502 224 52 270 195
21 0.02029244 224 52 270 195
17 0.017159786 154 0 253 240
20 0.014453222 211 39 300 210
18 0.014116009 204 18 299 219
19 0.0136217605 250 54 320 240
18 0.013598636 240 31 320 240
20 0.013316927 250 54 320 240
