2 0.15744117 130 93 190 208
5 0.11126336 130 93 190 208
18 0.104751356 130 93 190 208
8 0.09748321 134 102 189 205
18 0.067418836 161 99 223 207
19 0.066056326 130 93 190 208
2 0.051543377 161 99 223 207
5 0.043547172 161 99 223 207
15 0.034775194 130 93 190 208
14 0.025526933 130 93 190 208
8 0.018087884 167 100 224 203
19 0.017575348 161 99 223 207
20 0.017362673 134 102 189 205
2 0.012816696 108 35 200 217
13 0.010754446 134 102 189 205
15 0.010230628 161 99 223 207
2 0.009618874 165 67 231 180
