16 0.20540057 193 98 299 212
16 0.13860504 155 103 272 200
17 0.11556289 193 98 299 212
17 0.1119488 131 10 292 240
16 0.095465876 140 69 262 240
17 0.08849329 155 103 272 200
16 0.08471969 185 43 310 240
3 0.08315356 0 56 139 240
15 0.0822119 5 57 226 240
11 0.075851575 42 35 189 240
11 0.07265303 85 39 320 240
18 0.06493934 179 89 296 231
20 0.06198581 179 89 296 231
17 0.06160925 0 55 152 240
17 0.05494418 160 72 257 168
10 0.044070132 193 98 299 212
17 0.043317817 55 76 176 237
16 0.04114822 160 72 257 168
