6 0.058418382 100 79 143 170
16 0.043077808 100 79 143 170
11 0.04249607 87 64 152 235
11 0.03273552 93 106 144 197
11 0.03227805 100 79 143 170
16 0.0274624 93 106 144 197
16 0.022930298 84 46 149 201
11 0.02265396 119 72 205 225
6 0.019115672 93 106 144 197
17 0.017609581 100 79 143 170
10 0.016244212 100 79 143 170
17 0.014482581 93 106 144 197
11 0.011856508 138 95 191 208
16 0.010619908 141 73 181 173
16 0.009354176 138 95 191 208
11 0.00866094 172 55 234 240
20 0.008595393 100 79 143 170
16 0.008486067 186 98 222 206
21 0.008384159 100 79 143 170
20 0.008127274 263 69 320 237
17 0.007850953 263 82 320 240
16 0.007850875 260 90 320 223
11 0.007820601 186 98 222 206
12 0.0076177646 100 79 143 170
3 0.0066414215 100 79 143 170
6 0.0063785696 141 73 181 173
17 0.006304354 87 64 152 235
21 0.0062393984 270 104 313 204
20 0.0062284227 93 106 144 197
