20 0.1590435 117 44 222 192
8 0.15482038 119 44 200 202
16 0.1474326 113 54 217 186
4 0.09249575 117 44 222 192
4 0.092332765 158 82 286 218
7 0.089723855 151 62 261 184
5 0.089687794 117 44 222 192
6 0.08456534 119 44 200 202
8 0.074882664 151 62 261 184
7 0.07483973 168 96 314 212
7 0.06889159 119 44 200 202
4 0.063062385 166 57 264 178
6 0.062231865 151 62 261 184
20 0.056631897 166 57 264 178
17 0.055250093 117 44 222 192
16 0.049790658 75 0 246 240
5 0.046464693 166 57 264 178
20 0.043230277 153 81 280 232
21 0.042141207 117 44 222 192
