11 0.04715892 91 76 148 226
6 0.044510327 101 81 141 167
16 0.039305475 101 81 141 167
11 0.031169418 101 81 141 167
16 0.028834336 95 101 143 202
11 0.019598437 126 73 195 230
17 0.01805094 101 81 141 167
6 0.017036404 95 101 143 202
17 0.01661368 95 101 143 202
20 0.014619183 95 101 143 202
16 0.012617803 261 92 320 223
20 0.011819708 101 81 141 167
21 0.010722551 101 81 141 167
17 0.010374851 264 82 320 240
16 0.009788608 144 74 179 171
10 0.009467497 101 81 141 167
8 0.009287533 95 101 143 202
12 0.009164973 101 81 141 167
21 0.008715704 95 101 143 202
3 0.008701038 101 81 141 167
16 0.007721933 131 64 193 181
16 0.0076358644 144 88 187 217
11 0.007575368 174 49 230 240
16 0.0074199876 189 94 221 212
