6 0.0741225 100 76 143 173
11 0.03645856 85 64 150 234
16 0.03463448 100 76 143 173
11 0.031233119 93 106 144 197
11 0.029538523 100 76 143 173
6 0.028504618 93 106 144 197
16 0.02541057 93 106 144 197
10 0.022367427 100 76 143 173
11 0.020654157 117 75 205 223
16 0.016388362 80 41 150 206
13 0.013901521 100 76 143 173
20 0.012308955 100 76 143 173
17 0.011728408 93 106 144 197
17 0.011558101 100 76 143 173
11 0.010879148 139 95 191 210
16 0.01058458 142 71 184 174
16 0.009393377 127 108 212 196
6 0.008913321 142 71 184 174
16 0.008820226 258 90 320 221
21 0.008693188 100 76 143 173
20 0.008498278 262 71 320 235
16 0.008356337 189 99 222 205
12 0.0079404935 100 76 143 173
20 0.00782818 93 106 144 197
3 0.0077133407 100 76 143 173
11 0.0077128075 142 71 184 174
20 0.0076610073 80 41 150 206
17 0.007567198 262 83 320 240
11 0.0070758914 172 53 233 240
11 0.0069856257 189 99 222 205
