17 0.34810796 58 82 160 218
17 0.22412539 124 90 288 209
17 0.19970328 176 13 249 240
16 0.19340841 48 53 168 188
16 0.15612319 77 28 150 240
17 0.09767249 81 0 155 240
16 0.09471824 116 72 287 166
16 0.08046396 176 13 249 240
17 0.08034382 119 19 197 240
17 0.076220274 87 93 221 208
17 0.070026115 190 80 303 223
17 0.052397728 71 61 231 178
17 0.04770918 19 44 123 240
17 0.046902902 232 63 287 240
16 0.045459338 71 61 231 178
17 0.044934504 23 95 112 207
16 0.039785516 23 95 112 207
16 0.0352966 87 93 221 208
6 0.029498912 48 40 173 214
16 0.029150186 19 44 123 240
