16 0.23762769 197 99 293 212
16 0.15226634 161 99 263 206
17 0.13958675 197 99 293 212
17 0.1307418 144 9 276 240
16 0.118188225 148 60 254 240
17 0.10903738 1 43 141 240
17 0.107787296 161 99 263 206
18 0.083141506 189 74 286 240
15 0.07932778 10 63 220 240
18 0.061875474 144 9 276 240
17 0.059815828 58 85 167 229
3 0.05741576 0 70 141 239
18 0.056725126 1 43 141 240
11 0.05040611 41 32 183 240
16 0.048814267 192 20 300 240
11 0.042790644 144 9 276 240
10 0.041023493 144 9 276 240
17 0.038112774 166 67 247 174
