6 0.07008395 100 76 139 171
16 0.04538252 100 76 139 171
16 0.0429654 96 106 139 196
6 0.037066143 96 106 139 196
11 0.034587782 96 106 139 196
11 0.026309164 85 67 148 233
16 0.026104659 85 67 148 233
11 0.0250235 100 76 139 171
20 0.017274193 100 76 139 171
10 0.015993977 100 76 139 171
20 0.015087459 96 106 139 196
17 0.014492151 96 106 139 196
16 0.014206605 141 99 189 205
20 0.012871905 85 67 148 233
11 0.012753321 117 73 203 227
17 0.012284702 100 76 139 171
11 0.010592705 141 99 189 205
16 0.01029683 187 102 221 202
16 0.009665109 263 96 320 216
12 0.008804647 100 76 139 171
8 0.008217454 96 106 139 196
16 0.008117012 146 73 184 169
16 0.008025502 124 63 206 176
13 0.00794794 100 76 139 171
17 0.0076227984 261 84 320 240
20 0.0075680735 263 65 320 240
8 0.007489383 85 67 148 233
17 0.0072529158 85 67 148 233
