17 0.26692763 151 27 250 217
6 0.17584628 155 43 242 148
17 0.17421266 94 36 225 210
8 0.11136502 152 75 244 181
6 0.098073356 130 44 198 144
17 0.095420584 126 76 202 179
8 0.080764495 151 36 279 240
20 0.0806462 151 36 279 240
16 0.07097025 152 75 244 181
20 0.063301966 155 100 256 208
16 0.05348515 94 36 225 210
5 0.05143318 110 0 203 209
17 0.04757246 130 44 198 144
11 0.041559886 151 27 250 217
21 0.038885225 151 27 250 217
17 0.037749983 155 43 242 148
16 0.036275383 146 0 240 197
20 0.035670295 94 36 225 210
6 0.034024373 151 27 250 217
