11 0.054481532 95 100 142 204
16 0.0356904 101 79 139 171
6 0.033443026 101 79 139 171
11 0.03049249 101 79 139 171
16 0.028627457 95 100 142 204
11 0.028570512 86 55 148 194
11 0.018692093 126 72 196 231
20 0.017859284 95 100 142 204
16 0.017840987 86 55 148 194
17 0.01758273 95 100 142 204
17 0.01615921 101 79 139 171
6 0.016001338 95 100 142 204
20 0.013952685 101 79 139 171
16 0.013233156 262 91 320 224
12 0.010843774 101 79 139 171
17 0.010511831 264 85 320 240
8 0.009881144 95 100 142 204
10 0.00986083 101 79 139 171
21 0.009637941 101 79 139 171
3 0.009082628 101 79 139 171
21 0.0085669765 95 100 142 204
16 0.008517979 144 71 179 175
12 0.008496811 95 100 142 204
11 0.007261657 174 49 230 240
20 0.00719337 86 55 148 194
16 0.006888189 252 163 320 240
