11 0.040090337 96 104 138 201
11 0.035234965 89 72 151 232
6 0.034154058 105 74 140 175
16 0.03364162 105 74 140 175
16 0.024901312 96 104 138 201
11 0.022909278 105 74 140 175
11 0.019934138 125 68 200 234
16 0.01777499 92 51 149 196
20 0.015955897 105 74 140 175
20 0.015132118 96 104 138 201
11 0.014125862 143 93 184 212
17 0.012562284 105 74 140 175
6 0.012062069 96 104 138 201
20 0.011946021 89 72 151 232
17 0.011866331 96 104 138 201
3 0.010860968 105 74 140 175
21 0.009928462 105 74 140 175
16 0.009874529 262 88 320 225
10 0.009676265 105 74 140 175
12 0.008966531 105 74 140 175
16 0.008731424 144 69 178 178
11 0.00812369 186 96 218 209
16 0.0076815095 49 110 90 197
16 0.0075611915 130 100 205 203
16 0.007482346 186 96 218 209
11 0.007140173 174 38 232 240
8 0.0069321734 96 104 138 201
12 0.0069166785 96 104 138 201
