16 0.16514248 203 112 287 202
17 0.14798461 203 112 287 202
17 0.13289253 0 31 140 240
17 0.10052339 140 14 272 240
17 0.096777886 167 112 251 201
3 0.08796065 4 65 135 240
17 0.07489126 192 19 298 240
16 0.072690025 167 112 251 201
18 0.07108283 192 19 298 240
15 0.06992769 15 63 216 240
16 0.06653469 142 85 256 235
18 0.06090006 0 31 140 240
18 0.058176078 203 112 287 202
16 0.046290018 199 130 301 240
18 0.041489664 140 14 272 240
21 0.039981864 4 65 135 240
17 0.03831896 56 78 166 239
16 0.03499046 192 19 298 240
11 0.03078173 0 31 140 240
1 0.030470572 4 65 135 240
11 0.02796733 140 14 272 240
