17 0.16822687 10 22 130 240
16 0.14841238 196 101 295 209
17 0.0938991 198 78 288 231
3 0.07888424 8 60 132 240
17 0.067448154 140 0 275 240
17 0.06495985 157 63 249 240
15 0.060143474 18 59 214 240
16 0.052600056 160 95 254 208
18 0.050161492 10 22 130 240
17 0.04373324 48 19 175 240
18 0.042619687 198 78 288 231
15 0.038005695 10 22 130 240
16 0.037894823 10 22 130 240
21 0.035710737 8 60 132 240
17 0.033963196 165 71 245 169
16 0.031156976 198 68 287 173
16 0.029263278 194 1 301 240
16 0.027714886 165 71 245 169
