11 0.05031379 96 103 140 203
6 0.030012056 103 77 139 173
16 0.029195946 103 77 139 173
16 0.027825106 96 103 140 203
11 0.023255147 103 77 139 173
20 0.019371761 96 103 140 203
11 0.018846666 86 55 150 195
11 0.017093644 125 77 200 226
16 0.015170689 86 55 150 195
20 0.014330423 103 77 139 173
6 0.014081836 96 103 140 203
17 0.012751872 96 103 140 203
16 0.011539356 262 86 320 228
17 0.010605546 103 77 139 173
3 0.009645865 103 77 139 173
21 0.009306909 103 77 139 173
8 0.009068517 96 103 140 203
10 0.008961191 103 77 139 173
12 0.008864611 103 77 139 173
12 0.008550403 96 103 140 203
16 0.008249302 49 110 91 198
16 0.008117296 143 89 187 217
17 0.007928159 263 82 320 240
16 0.0078038173 186 90 221 215
21 0.0077726445 96 103 140 203
11 0.007743102 186 90 221 215
11 0.0072392435 49 110 91 198
20 0.0071201758 186 90 221 215
20 0.007118913 86 55 150 195
