17 0.37904963 104 38 220 206
17 0.26899436 151 36 247 203
17 0.24934505 129 76 204 180
6 0.16416156 128 46 201 144
6 0.15440892 155 46 238 147
16 0.114455484 129 54 201 196
8 0.09563105 151 71 242 188
20 0.09299812 151 71 242 188
6 0.0862475 151 71 242 188
20 0.07469813 153 50 278 240
16 0.0705671 151 71 242 188
20 0.06432199 129 76 204 180
20 0.06406088 104 38 220 206
5 0.05889902 119 0 199 191
8 0.05457708 129 76 204 180
8 0.0539494 148 88 277 225
21 0.051566526 104 38 220 206
21 0.049955048 129 76 204 180
17 0.04978085 128 46 201 144
4 0.04780588 163 47 246 199
