11 0.04532847 95 98 141 206
16 0.029773755 102 77 138 173
16 0.02686361 95 98 141 206
6 0.02404235 102 77 138 173
11 0.022092534 102 77 138 173
20 0.01990021 95 98 141 206
11 0.019416206 86 54 150 195
11 0.016409032 125 72 198 231
20 0.016364545 102 77 138 173
16 0.01619136 86 54 150 195
17 0.013683987 95 98 141 206
16 0.013241733 262 89 320 225
6 0.012081477 95 98 141 206
11 0.0114573315 143 86 186 220
17 0.011194559 102 77 138 173
8 0.010824455 95 98 141 206
21 0.010135397 102 77 138 173
17 0.0101252375 262 83 320 240
3 0.009624982 102 77 138 173
12 0.008865659 102 77 138 173
10 0.008839799 102 77 138 173
21 0.0080569545 95 98 141 206
12 0.007853438 95 98 141 206
16 0.007633925 145 68 179 178
20 0.007581856 86 54 150 195
16 0.0075253956 143 86 186 220
16 0.00737605 188 92 221 214
