17 0.20800908 118 36 192 200
16 0.17405131 47 26 190 211
16 0.14885852 90 57 231 185
16 0.112642415 70 31 146 148
17 0.09689129 90 57 231 185
17 0.08206564 72 24 145 214
17 0.0806414 178 66 242 232
16 0.06340975 118 36 192 200
16 0.057965692 11 1 132 236
20 0.052472264 70 31 146 148
17 0.04419756 161 100 256 199
17 0.04415667 118 117 208 240
16 0.044133384 30 11 104 109
17 0.04375087 148 69 265 167
17 0.041922268 213 128 297 240
16 0.039119896 49 0 174 125
17 0.038077302 204 55 302 184
17 0.03805847 96 37 319 240
