16 0.23443915 82 58 239 183
16 0.20635414 45 8 181 172
17 0.2054138 129 28 184 203
16 0.1689098 75 33 141 148
16 0.13134214 129 28 184 203
17 0.0760812 82 58 239 183
20 0.06781314 75 33 141 148
16 0.06764546 28 33 108 152
16 0.05674794 107 0 212 236
16 0.05241505 11 0 128 240
17 0.048322402 182 72 241 225
16 0.04237067 144 35 268 137
17 0.041696154 127 118 200 240
8 0.04024263 129 28 184 203
17 0.037634257 73 31 147 205
17 0.036493618 153 3 248 164
8 0.03599025 0 100 141 240
17 0.033427466 207 49 302 187
16 0.032343067 33 137 110 236
