11 0.047100917 90 77 148 225
16 0.042316414 101 77 140 171
6 0.037216857 101 77 140 171
11 0.03428007 101 77 140 171
16 0.029858008 95 99 143 204
16 0.022459852 84 56 148 192
17 0.019422745 101 77 140 171
11 0.018387407 125 74 196 230
17 0.018278562 95 99 143 204
20 0.016865602 95 99 143 204
6 0.016324744 95 99 143 204
20 0.014136748 101 77 140 171
16 0.012861448 262 92 320 223
12 0.011682315 101 77 140 171
16 0.011102978 143 70 180 175
21 0.0109251365 101 77 140 171
17 0.010005536 265 83 320 240
8 0.00988462 95 99 143 204
10 0.009193528 101 77 140 171
21 0.00908445 95 99 143 204
3 0.0088277655 101 77 140 171
20 0.008528149 84 56 148 192
12 0.0076508005 95 99 143 204
16 0.007221887 144 87 187 218
11 0.007210671 173 49 230 240
