17 0.45043695 61 81 161 219
17 0.22195181 82 21 148 240
17 0.21117483 178 12 247 240
16 0.20929636 46 45 171 193
16 0.19397397 82 21 148 240
17 0.1912084 133 90 280 208
17 0.11965469 115 68 292 169
17 0.09565992 110 12 200 240
16 0.09565043 115 68 292 169
17 0.081394024 96 93 212 207
17 0.07703493 69 48 237 190
17 0.06866739 25 86 113 216
16 0.067323074 133 90 280 208
16 0.06435118 178 12 247 240
17 0.06075658 190 77 305 226
16 0.051537763 25 86 113 216
17 0.04173467 232 58 288 240
8 0.035205867 56 38 166 214
16 0.033142313 110 12 200 240
