17 0.2963557 137 37 277 197
6 0.1761214 162 40 250 149
17 0.12772597 162 40 250 149
8 0.10382391 120 100 291 200
8 0.10083632 131 50 304 240
17 0.08361991 164 81 263 222
8 0.08293053 141 67 269 176
4 0.08224182 151 5 257 175
17 0.06322936 74 26 249 211
11 0.05582337 164 81 263 222
6 0.05037716 141 67 269 176
6 0.04720283 116 21 215 164
6 0.043322925 121 21 277 212
17 0.035830524 172 0 320 240
8 0.032114353 162 40 250 149
7 0.027092576 156 75 270 240
4 0.024746418 118 0 216 183
11 0.02452122 195 95 299 215
20 0.022810126 162 40 250 149
12 0.021748615 120 32 273 155
