17 0.40920374 144 26 269 213
17 0.12574966 161 34 243 153
17 0.06607646 83 21 239 220
8 0.056508977 139 101 263 204
8 0.05617102 134 15 297 240
6 0.053369626 145 16 265 162
11 0.05096801 160 57 258 240
8 0.038452093 160 57 258 240
21 0.035425358 160 57 258 240
16 0.031969562 162 21 255 217
17 0.031952992 169 71 257 240
17 0.030864352 180 0 320 240
4 0.030246599 145 16 265 162
1 0.028817901 160 57 258 240
21 0.026774937 134 15 297 240
4 0.026490333 160 57 258 240
7 0.024592718 162 21 255 217
6 0.02314795 121 23 206 159
11 0.022898434 194 71 296 237
16 0.02105339 68 135 144 240
17 0.01972882 118 61 206 181
