6 0.07785231 101 75 141 174
11 0.034697827 86 62 151 236
16 0.03389498 101 75 141 174
6 0.030970927 94 106 143 197
11 0.028682036 94 106 143 197
11 0.027570695 101 75 141 174
16 0.025853954 94 106 143 197
10 0.02352815 101 75 141 174
11 0.019560503 119 71 205 226
16 0.016329756 81 39 150 208
13 0.013565963 101 75 141 174
20 0.012880666 101 75 141 174
17 0.012815286 94 106 143 197
17 0.011409352 101 75 141 174
11 0.010951691 127 108 213 195
16 0.010059783 142 70 183 175
11 0.009942116 140 95 189 210
6 0.00980421 142 70 183 175
21 0.0086293155 101 75 141 174
16 0.008618908 258 92 320 220
16 0.008561753 127 108 213 195
16 0.008164608 140 95 189 210
20 0.008156399 262 72 320 234
12 0.007886001 101 75 141 174
3 0.007748787 101 75 141 174
20 0.007744535 94 106 143 197
16 0.007677431 189 101 221 203
20 0.007604253 81 39 150 208
6 0.007317013 140 95 189 210
10 0.0071922056 94 106 143 197
11 0.0070265 172 53 233 240
17 0.00695483 262 85 320 240
11 0.0068729133 142 70 183 175
