17 0.22338992 153 35 246 208
17 0.20074458 104 35 220 209
6 0.16102754 153 46 241 145
6 0.13551717 130 50 197 138
17 0.1210454 131 78 199 174
8 0.11775955 150 72 243 184
20 0.083715536 151 47 282 240
8 0.081388906 151 47 282 240
16 0.0691171 150 72 243 184
16 0.059301734 104 35 220 209
20 0.05834878 150 72 243 184
5 0.055602267 118 0 199 191
17 0.054898933 130 50 197 138
6 0.052149925 109 31 227 136
5 0.04760868 153 35 246 208
11 0.046000827 153 35 246 208
4 0.044394583 153 35 246 208
8 0.04370306 131 78 199 174
20 0.03540938 104 35 220 209
