6 0.07072472 100 79 143 170
16 0.04210757 100 79 143 170
11 0.04041323 89 63 151 235
11 0.03277679 93 107 144 197
16 0.032005742 93 107 144 197
11 0.02962102 100 79 143 170
6 0.025851784 93 107 144 197
16 0.02387199 84 43 148 204
11 0.021353854 121 70 204 227
10 0.018167565 100 79 143 170
17 0.0173668 100 79 143 170
17 0.015248062 93 107 144 197
11 0.011806815 138 96 192 208
16 0.011563056 142 72 182 173
16 0.010349323 138 96 192 208
16 0.008968725 187 99 222 205
11 0.008177414 172 54 233 240
17 0.0079759825 89 63 151 235
20 0.007958901 263 68 320 238
17 0.007820144 264 83 320 240
6 0.007756242 142 72 182 173
21 0.007701389 100 79 143 170
16 0.0076048146 260 91 320 221
11 0.007494093 187 99 222 205
20 0.007493407 100 79 143 170
10 0.007444536 93 107 144 197
20 0.006743757 93 107 144 197
20 0.006632468 89 63 151 235
12 0.006563477 100 79 143 170
