6 0.05123918 100 78 141 170
11 0.047925945 87 74 151 227
16 0.038798146 100 78 141 170
11 0.037840784 95 99 142 202
16 0.021805083 82 56 149 193
17 0.020566162 100 78 141 170
11 0.019242357 121 78 200 223
12 0.011335319 100 78 141 170
16 0.010931758 142 71 179 175
11 0.010661824 143 88 187 215
21 0.009846487 100 78 141 170
3 0.009772276 100 78 141 170
16 0.00970608 261 89 320 225
20 0.009569479 95 99 142 202
10 0.009348481 100 78 141 170
20 0.009123607 87 74 151 227
20 0.0089460425 264 65 320 240
17 0.008267144 263 78 320 240
11 0.00784513 172 52 232 240
16 0.0076407613 143 88 187 215
16 0.007592605 187 93 221 213
11 0.006868161 187 93 221 213
8 0.0067375177 95 99 142 202
11 0.0066445973 142 71 179 175
