16 0.16770655 41 21 188 157
16 0.16728045 84 60 236 182
17 0.15328397 118 32 191 202
16 0.11587983 72 32 147 149
16 0.09308171 64 0 162 230
16 0.08600667 27 19 111 101
16 0.07772377 0 0 155 179
16 0.070998915 118 32 191 202
17 0.06279541 84 60 236 182
17 0.04983167 179 69 242 230
16 0.047880124 100 0 222 239
20 0.046721995 27 19 111 101
17 0.044754364 159 17 252 216
20 0.03876105 72 32 147 149
17 0.03771631 73 26 145 211
17 0.035553385 144 66 269 173
16 0.032869447 141 37 269 135
16 0.03199719 4 53 138 240
