16 0.19667655 40 27 184 156
16 0.1333193 70 28 143 152
17 0.1240567 122 35 193 197
16 0.1072717 95 60 231 181
16 0.09123408 65 0 159 240
17 0.0776428 177 74 245 223
17 0.0672771 107 89 216 206
17 0.059963617 73 19 147 217
16 0.057523653 82 32 236 142
16 0.053226274 122 35 193 197
16 0.052446492 0 5 149 177
17 0.050184052 50 37 188 201
20 0.049186446 70 28 143 152
17 0.047671914 205 60 303 177
17 0.04678757 125 119 208 240
17 0.04573642 160 103 258 194
17 0.04525325 213 132 297 236
17 0.043141525 146 70 269 166
16 0.036739666 34 32 106 152
17 0.035874285 116 50 305 240
20 0.03233388 50 37 188 201
17 0.031995896 150 7 250 159
16 0.030239077 140 36 273 138
