16 0.19531947 197 97 295 210
17 0.18023357 141 3 278 240
17 0.15557742 197 97 295 210
16 0.12919138 157 108 269 195
17 0.12848237 157 108 269 195
3 0.10306989 0 57 150 240
17 0.08782601 41 38 187 240
17 0.08509205 162 78 259 164
17 0.07997131 82 0 240 240
16 0.07053421 184 24 306 240
16 0.06796593 143 67 262 240
16 0.066771924 206 133 300 240
15 0.06492712 0 62 236 240
17 0.05073332 0 70 146 240
16 0.046250314 162 78 259 164
11 0.045182884 41 38 187 240
16 0.040289305 100 100 225 205
11 0.038617663 21 33 307 240
16 0.036351208 56 79 175 230
20 0.036295503 197 97 295 210
