17 0.31295148 137 27 276 210
6 0.1196195 162 38 246 149
17 0.09677179 162 38 246 149
8 0.09356076 148 64 258 180
8 0.09290159 133 29 300 240
17 0.09278343 163 64 259 239
8 0.08324361 124 104 284 199
6 0.072875954 145 9 267 170
11 0.0636644 163 64 259 239
17 0.06052676 82 17 241 223
4 0.05138072 145 9 267 170
17 0.04712116 124 104 284 199
17 0.034583498 179 0 319 240
7 0.030508075 165 78 260 239
6 0.027473118 120 23 210 160
11 0.027153572 199 81 291 228
21 0.025454862 133 29 300 240
4 0.02458682 114 0 220 204
4 0.0243183 162 38 246 149
8 0.024304662 162 38 246 149
7 0.023859924 78 3 239 235
16 0.023394307 158 37 256 200
4 0.021902451 163 64 259 239
