6 0.041347593 104 75 140 171
11 0.03917885 95 105 138 198
16 0.037096232 104 75 140 171
11 0.036074463 88 69 151 233
11 0.027520671 104 75 140 171
11 0.023295086 123 67 201 234
16 0.022169799 95 105 138 198
16 0.020056834 91 47 148 198
17 0.0163263 104 75 140 171
11 0.014730252 142 98 182 206
20 0.012642102 104 75 140 171
20 0.011615139 95 105 138 198
17 0.010879348 95 105 138 198
16 0.010671488 262 91 320 221
6 0.010566285 95 105 138 198
20 0.0096559 88 69 151 233
11 0.009123127 186 100 218 206
16 0.009062731 144 73 178 171
12 0.009032425 104 75 140 171
16 0.008298088 142 98 182 206
11 0.007935354 173 35 233 240
16 0.0075858356 48 108 89 197
16 0.0074800053 186 100 218 206
3 0.007067688 104 75 140 171
16 0.007033728 131 60 191 184
20 0.0070000314 186 100 218 206
16 0.006866631 128 101 206 201
