17 0.07232019 179 0 317 240
16 0.043729484 179 0 317 240
21 0.039117564 179 0 317 240
16 0.02818062 222 24 280 213
19 0.016901705 179 0 317 240
20 0.016704565 179 0 317 240
17 0.014241604 222 24 280 213
20 0.014138566 222 24 280 213
17 0.013912616 153 24 253 221
17 0.0130757615 129 2 186 228
9 0.013031421 108 0 303 240
17 0.0116615435 176 0 231 240
16 0.011648441 153 24 253 221
1 0.011493121 203 0 291 240
17 0.011274088 112 132 219 236
17 0.009623872 120 0 291 183
3 0.009508748 108 0 303 240
17 0.009219894 62 9 259 234
17 0.008488391 87 2 144 224
20 0.008486842 112 132 219 236
