11 0.054913573 96 104 140 202
11 0.044509687 88 79 151 225
6 0.0429606 104 78 140 172
16 0.035672434 104 78 140 172
16 0.029905057 96 104 140 202
11 0.027900845 104 78 140 172
16 0.021611296 85 54 150 196
11 0.01976945 125 77 199 226
20 0.016879486 96 104 140 202
11 0.016723989 143 92 187 213
6 0.01559954 96 104 140 202
20 0.013898627 104 78 140 172
17 0.013495825 96 104 140 202
20 0.013056868 88 79 151 225
17 0.012875544 104 78 140 172
3 0.00975614 104 78 140 172
16 0.009690615 263 85 320 229
12 0.009438988 104 78 140 172
16 0.0092807915 143 92 187 213
10 0.008722188 104 78 140 172
11 0.008679043 187 91 220 215
16 0.008541762 49 110 91 197
16 0.008427302 146 71 179 177
21 0.008217837 104 78 140 172
12 0.008210214 96 104 140 202
16 0.0081448555 187 91 220 215
8 0.007748949 96 104 140 202
11 0.006892349 49 110 91 197
16 0.0067642066 131 59 193 184
8 0.0067093386 88 79 151 225
11 0.00669085 43 78 99 232
