16 0.32984492 188 93 312 214
17 0.2049141 147 14 276 240
16 0.18876034 197 5 302 240
17 0.18227303 191 94 301 212
17 0.14562647 197 5 302 240
17 0.09957693 48 51 185 240
17 0.09896861 91 24 236 240
16 0.07963052 147 14 276 240
17 0.07151079 2 68 142 238
20 0.07047706 191 94 301 212
15 0.058526088 48 51 185 240
3 0.056445614 0 62 149 240
16 0.042138077 104 83 222 216
16 0.038403668 203 126 298 240
15 0.037451897 2 68 142 238
11 0.034928855 48 51 185 240
16 0.03400575 48 51 185 240
11 0.032887075 125 51 302 240
16 0.031469874 155 123 252 240
