17 0.2770869 147 0 261 240
17 0.26505718 125 0 208 240
12 0.2588905 148 23 250 215
12 0.15490067 112 22 209 219
16 0.1515723 120 60 210 193
20 0.08938679 101 36 218 240
8 0.07768139 120 60 210 193
17 0.07594655 161 71 254 185
16 0.06602094 161 71 254 185
17 0.06331674 85 49 241 190
12 0.062483307 171 93 240 220
20 0.0613603 120 60 210 193
12 0.05300318 130 103 193 213
17 0.04236251 126 54 205 138
20 0.04203146 130 103 193 213
21 0.04010668 112 22 209 219
17 0.03984425 130 103 193 213
8 0.03819733 161 71 254 185
3 0.03668812 112 22 209 219
8 0.03437487 101 36 218 240
20 0.03394068 147 0 261 240
