16 0.2598538 53 0 170 181
16 0.2137069 86 54 235 184
17 0.21104705 131 38 192 192
16 0.20739657 76 24 145 154
16 0.120587215 23 30 110 153
16 0.10715073 131 38 192 192
16 0.09259029 12 0 126 197
17 0.087999 86 54 235 184
16 0.07516574 26 12 105 105
17 0.064859845 182 72 243 225
16 0.05781483 110 0 210 233
17 0.04893029 144 57 269 177
17 0.043378253 125 118 204 240
16 0.040871166 31 139 108 239
17 0.040700134 155 7 247 161
17 0.04013377 213 52 297 183
16 0.039727613 145 27 261 146
20 0.039636455 76 24 145 154
17 0.039593305 75 37 150 199
17 0.037662555 154 96 261 202
16 0.035623334 0 105 143 240
