16 0.22749497 169 76 253 175
16 0.07434556 206 71 274 183
17 0.05616933 169 76 253 175
20 0.055478208 169 76 253 175
8 0.045084562 169 76 253 175
16 0.035303347 152 19 258 240
17 0.032853313 206 71 274 183
17 0.03258041 124 80 292 226
16 0.029018117 185 28 295 210
20 0.020791542 206 71 274 183
20 0.01898878 185 28 295 210
17 0.0153388465 200 89 301 224
9 0.013722668 169 76 253 175
17 0.013304257 152 19 258 240
20 0.012664937 141 19 270 161
16 0.012657186 124 80 292 226
19 0.012089999 162 49 246 190
