17 0.048575092 0 0 146 240
12 0.026007801 0 0 146 240
15 0.02274528 0 0 146 240
17 0.020170527 137 0 276 232
20 0.020129703 0 0 146 240
16 0.019389331 15 20 114 151
21 0.019212365 137 0 276 232
21 0.017629938 0 0 146 240
8 0.017367098 0 0 146 240
16 0.017298583 0 0 153 196
19 0.016445715 0 0 146 240
16 0.015847426 74 45 146 203
17 0.013779134 22 0 115 183
17 0.013188224 83 0 229 193
17 0.012874748 64 10 166 228
20 0.012798159 23 33 112 207
11 0.0121687045 0 0 146 240
17 0.011550644 68 25 149 153
