16 0.36987948 119 21 226 231
16 0.22623631 150 0 254 240
16 0.20511888 179 57 228 190
20 0.19190781 150 0 254 240
20 0.19069974 124 0 207 240
16 0.18081012 145 46 197 200
20 0.13188115 179 57 228 190
20 0.13026638 145 46 197 200
19 0.05309285 85 41 232 189
16 0.040083915 189 101 222 207
9 0.03758204 85 41 232 189
20 0.02965267 189 101 222 207
16 0.02715329 171 33 235 152
20 0.025268592 171 33 235 152
16 0.024083665 189 133 224 240
16 0.020850368 61 10 250 158
19 0.02018137 150 0 254 240
17 0.019842815 85 41 232 189
