17 0.24538189 63 19 149 148
20 0.23992963 27 18 118 148
16 0.12122287 63 19 149 148
20 0.10870206 57 27 153 147
16 0.0886523 25 18 119 207
17 0.08835449 27 11 119 158
17 0.08787499 69 0 158 240
17 0.077233076 164 69 320 234
20 0.07015175 69 0 158 240
12 0.06859014 27 11 119 158
16 0.057292428 69 0 158 240
21 0.052563783 43 0 105 240
17 0.05083953 116 32 198 133
21 0.044523668 78 0 146 240
17 0.044266663 159 84 251 216
17 0.042514473 200 57 280 240
8 0.041773792 27 11 119 158
20 0.040321805 43 0 105 240
