16 0.32774755 120 44 224 240
16 0.23976006 136 75 193 229
16 0.17468694 174 103 225 210
17 0.15705541 122 45 199 240
20 0.10702832 122 45 199 240
17 0.087647684 174 103 225 210
20 0.07863079 147 27 256 240
17 0.0760807 147 27 256 240
16 0.068826124 46 68 266 221
17 0.06428416 46 68 266 221
20 0.0531617 174 103 225 210
16 0.03817836 143 25 270 223
16 0.03059514 169 64 237 190
9 0.021302162 122 45 199 240
9 0.018440718 46 68 266 221
19 0.018004984 46 68 266 221
8 0.0151577685 120 44 224 240
20 0.015022577 169 64 237 190
16 0.013076932 225 130 288 240
16 0.012927357 179 137 226 240
16 0.012462626 204 66 301 240
