17 0.1491651 131 81 284 240
21 0.06285998 131 81 284 240
17 0.034534637 159 131 265 240
16 0.030991321 131 81 284 240
3 0.023577468 131 81 284 240
16 0.020825082 159 131 265 240
21 0.018457893 159 131 265 240
14 0.016252954 131 81 284 240
13 0.01555987 211 0 296 196
13 0.01490569 131 81 284 240
9 0.013454604 131 81 284 240
13 0.01225879 274 101 319 220
19 0.011147874 159 131 265 240
12 0.011116383 131 81 284 240
12 0.011047878 274 101 319 220
17 0.010650107 195 81 303 232
19 0.010219122 131 81 284 240
7 0.010067418 103 113 308 240
11 0.009194357 159 131 265 240
12 0.008996475 222 82 277 239
