17 0.06161342 150 71 256 167
17 0.055809222 135 54 266 240
9 0.052736964 150 71 256 167
8 0.042893026 184 69 223 172
9 0.041678254 72 77 320 223
9 0.039038993 135 54 266 240
16 0.03378861 135 54 266 240
3 0.031131774 155 56 252 189
16 0.02536769 150 71 256 167
17 0.01978662 112 117 217 240
17 0.01929183 96 27 225 240
17 0.018375007 203 63 285 178
20 0.0151180625 155 56 252 189
17 0.015019222 213 104 292 240
16 0.014691808 39 103 281 240
17 0.014065502 184 69 223 172
17 0.013990541 91 98 316 240
