16 0.33957294 140 66 266 231
16 0.25683478 178 77 230 235
17 0.14936611 178 77 230 235
17 0.07723264 159 43 249 240
20 0.071503945 159 43 249 240
20 0.041287273 178 77 230 235
16 0.039563138 71 89 320 205
16 0.030101992 163 38 247 201
16 0.028149605 206 120 310 240
17 0.026073283 71 89 320 205
16 0.023825707 270 91 320 240
8 0.020577861 178 77 230 235
16 0.019224646 104 75 226 223
16 0.01859361 129 67 194 239
17 0.017514274 227 111 291 240
17 0.0152681675 101 54 229 240
17 0.013511471 129 67 194 239
16 0.012963892 21 31 134 240
17 0.011719868 192 64 308 240
16 0.011480851 53 70 171 228
16 0.010931837 227 76 285 235
