16 0.43360943 137 69 272 227
20 0.2741151 167 37 240 240
20 0.25563595 185 83 232 221
16 0.23585396 167 37 240 240
16 0.235201 185 83 232 221
20 0.12902792 137 69 272 227
16 0.10810404 57 89 320 199
16 0.042433694 230 105 293 240
16 0.03480966 265 88 320 240
17 0.032109313 185 83 232 221
16 0.029961716 95 52 296 179
16 0.026852077 102 32 231 240
20 0.026777724 102 32 231 240
17 0.024166547 57 89 320 199
16 0.02356062 194 78 310 224
20 0.02288288 135 74 197 229
16 0.022769997 135 74 197 229
8 0.022486093 185 83 232 221
20 0.017722137 195 39 301 240
17 0.01750995 230 105 293 240
