17 0.18358667 99 104 219 240
7 0.07205747 65 118 245 240
16 0.05458725 75 127 252 240
8 0.033912446 99 116 224 240
17 0.033153933 77 116 320 240
3 0.024069363 99 104 219 240
19 0.021580528 99 116 224 240
16 0.018422402 218 113 291 240
16 0.017030202 212 50 295 199
16 0.016894056 74 115 165 240
1 0.015635915 99 104 219 240
13 0.014936521 212 0 295 189
8 0.014649312 218 113 291 240
12 0.01387294 99 104 219 240
17 0.013032294 169 44 320 201
16 0.012852087 116 89 221 233
17 0.012172449 215 133 278 240
12 0.011957319 215 133 278 240
17 0.010954208 268 139 320 240
