17 0.061620023 127 78 274 227
17 0.052096497 140 81 265 162
8 0.03329661 181 65 221 180
20 0.026169367 140 81 265 162
17 0.023915742 91 87 227 240
17 0.02387166 181 65 221 180
3 0.019190509 149 60 253 188
16 0.019149406 140 81 265 162
20 0.017320985 181 65 221 180
16 0.017313808 127 78 274 227
16 0.01724193 181 65 221 180
17 0.015791675 149 124 255 240
3 0.014522628 181 65 221 180
3 0.012856569 127 78 274 227
12 0.010255657 181 65 221 180
17 0.01003651 188 71 296 177
17 0.009762846 2 109 314 240
17 0.009529399 184 89 315 240
8 0.008832978 140 81 265 162
20 0.008682833 127 78 274 227
