20 0.04495747 164 106 252 240
16 0.03284981 168 92 259 240
17 0.032010864 106 129 299 240
20 0.020533402 211 90 294 223
16 0.020457804 211 110 301 240
16 0.018976202 106 129 299 240
20 0.014861922 106 129 299 240
19 0.014574806 106 129 299 240
20 0.01440607 259 81 320 234
11 0.012206069 106 129 299 240
20 0.012113531 121 88 207 218
17 0.010974989 164 106 252 240
20 0.010797301 226 58 286 186
20 0.010448044 75 85 157 223
8 0.010262508 106 129 299 240
17 0.008468757 200 112 308 240
7 0.007413742 87 120 143 240
8 0.0073295045 168 92 259 240
