16 0.37019503 125 20 217 230
16 0.2256773 141 37 194 209
20 0.22299576 116 16 203 240
16 0.13591723 153 31 255 240
16 0.12790056 175 50 223 201
20 0.095810875 139 66 190 230
20 0.08304818 147 17 254 240
16 0.07058654 52 70 257 220
20 0.063577004 180 89 218 218
17 0.046309408 52 70 257 220
17 0.041746758 116 16 203 240
16 0.027469246 92 40 307 188
17 0.027446734 139 66 190 230
16 0.027257439 183 132 217 240
17 0.026998332 180 89 218 218
9 0.02659719 52 70 257 220
16 0.025817163 69 56 172 240
9 0.020328356 116 16 203 240
