16 0.29161292 138 63 270 235
16 0.23508394 177 76 230 238
17 0.16073829 177 76 230 238
17 0.07805961 138 63 270 235
20 0.066278666 162 39 245 240
16 0.0323402 75 85 320 210
17 0.030239359 75 85 320 210
16 0.025156222 160 38 250 202
16 0.02424564 205 119 311 240
16 0.02217458 270 86 320 240
8 0.021158999 177 76 230 238
16 0.016424289 129 68 194 240
17 0.01633538 227 108 290 240
17 0.015866924 104 57 224 240
16 0.013380493 20 36 134 240
17 0.011048935 193 66 307 240
16 0.011019383 53 69 169 230
20 0.010376488 177 48 219 197
