17 0.101995304 104 112 210 240
7 0.046189625 58 123 252 240
16 0.03929775 79 126 242 240
8 0.027986303 97 129 216 240
17 0.027568191 65 121 320 240
16 0.026407516 217 48 292 198
3 0.024183914 104 112 210 240
16 0.021548392 221 113 286 240
19 0.01669567 97 129 216 240
17 0.016591668 174 41 320 205
1 0.016330574 104 112 210 240
17 0.015280321 163 124 254 240
8 0.014907458 71 127 167 240
16 0.014011437 163 124 254 240
17 0.013367109 212 141 281 240
8 0.01323784 221 113 286 240
1 0.012967808 174 41 320 205
1 0.01129761 217 48 292 198
12 0.011125178 79 126 242 240
17 0.010875984 267 143 320 240
10 0.010382661 217 48 292 198
