16 0.04188329 162 96 260 240
20 0.038381066 154 119 257 240
16 0.03172074 109 135 295 240
19 0.020136662 109 135 295 240
17 0.019914726 109 135 295 240
16 0.01318356 213 105 299 240
20 0.012240649 213 91 293 226
20 0.012147654 262 85 320 234
20 0.011828781 76 90 153 219
11 0.0117750745 109 135 295 240
20 0.010395211 125 95 199 217
16 0.009973711 194 159 317 240
20 0.009965581 228 58 286 188
20 0.008710498 177 49 235 192
8 0.0076650796 109 135 295 240
17 0.007409658 162 96 260 240
20 0.007111111 82 46 144 192
20 0.0068072877 35 90 109 219
7 0.0067213536 87 73 141 237
7 0.006720469 45 126 96 240
20 0.006717216 133 46 190 192
