16 0.2357147 28 37 120 212
16 0.23297526 54 6 87 240
20 0.22054547 28 37 120 212
16 0.2048696 107 31 207 215
16 0.19949141 0 30 77 220
17 0.19901597 107 31 207 215
20 0.18318045 107 31 207 215
17 0.173868 69 37 174 209
16 0.1631331 69 37 174 209
20 0.15427288 69 37 174 209
20 0.14936326 0 30 77 220
16 0.1426587 99 0 136 240
16 0.13545014 6 10 48 240
16 0.13075541 134 0 172 240
20 0.124014035 54 6 87 240
21 0.11473959 99 0 206 240
17 0.1114283 99 0 136 240
20 0.11003462 6 10 48 240
16 0.10539305 95 0 309 240
17 0.10136117 134 0 172 240
21 0.08837696 68 0 159 240
20 0.083305895 134 0 172 240
20 0.08010002 99 0 136 240
21 0.07487133 0 30 77 220
21 0.071566895 128 0 275 240
