16 0.3639997 130 41 274 240
16 0.29084992 176 106 224 210
16 0.21842623 142 76 192 228
17 0.123555236 176 106 224 210
20 0.12066061 153 27 250 240
20 0.11629775 122 56 205 239
20 0.11326339 176 106 224 210
17 0.112098835 122 56 205 239
17 0.08276762 153 27 250 240
16 0.07082791 33 79 281 211
17 0.052160487 93 78 305 213
19 0.037010062 33 79 281 211
16 0.026767148 166 72 242 183
19 0.018033765 122 56 205 239
9 0.01778667 122 56 205 239
8 0.01744599 107 42 236 240
8 0.017273242 142 76 192 228
19 0.01545421 153 27 250 240
8 0.015335683 176 106 224 210
20 0.015170406 166 72 242 183
9 0.013105968 33 79 281 211
