16 0.43721098 132 63 273 240
16 0.32139042 170 101 226 220
17 0.19437446 170 101 226 220
17 0.123082034 157 16 250 240
16 0.09019842 140 82 194 229
17 0.047551822 86 67 313 227
17 0.04232468 121 75 218 232
20 0.03614163 157 16 250 240
20 0.030342206 170 101 226 220
16 0.028726596 170 75 236 181
20 0.016270919 117 48 215 240
20 0.016119253 140 82 194 229
16 0.011648194 121 104 213 240
20 0.011542946 170 75 236 181
16 0.011491934 63 72 165 228
16 0.011388725 124 38 210 207
17 0.010976631 133 117 186 240
19 0.008765786 86 67 313 227
16 0.00868836 262 108 320 240
