17 0.31334808 169 4 235 240
17 0.23618813 136 28 195 240
20 0.2119179 169 48 235 205
17 0.20616706 167 89 244 218
12 0.18172927 164 58 225 188
17 0.097883426 92 38 243 240
17 0.09025425 42 0 184 240
17 0.08601529 117 77 218 227
12 0.08088583 125 39 209 210
21 0.07034328 164 58 225 188
17 0.06338941 139 10 279 236
8 0.06142277 169 48 235 205
20 0.060526125 135 0 193 240
16 0.051269893 169 48 235 205
21 0.05003396 125 39 209 210
3 0.042844664 168 53 236 183
20 0.042790122 124 40 222 209
21 0.041321225 167 89 244 218
