17 0.091332056 0 0 150 233
16 0.061832886 0 0 150 233
17 0.05755341 142 25 268 203
17 0.050122827 47 0 180 180
19 0.045320544 0 0 150 233
17 0.03227194 86 22 233 208
21 0.025797741 128 82 284 222
15 0.02558411 0 0 150 233
8 0.021845357 0 0 150 233
16 0.01915762 47 0 180 180
20 0.018121779 0 0 150 233
16 0.017610237 73 26 149 146
11 0.017420681 0 0 150 233
17 0.017397203 156 105 237 211
16 0.017149324 14 25 119 145
21 0.016591465 0 59 150 240
20 0.0163877 156 105 237 211
17 0.015973547 73 26 149 146
