17 0.08163157 84 122 320 240
17 0.040853582 143 140 269 240
17 0.031354662 194 156 308 240
17 0.027814956 244 151 320 240
17 0.026523437 109 104 219 240
16 0.022522187 209 47 296 196
11 0.022245698 140 155 274 240
13 0.019317199 215 6 292 179
16 0.018890936 93 143 230 239
17 0.016714979 209 86 294 235
11 0.016404312 194 156 308 240
17 0.014525021 178 33 320 213
17 0.014431494 266 179 320 240
17 0.014067884 225 109 275 211
16 0.013975523 133 133 278 240
17 0.013158198 171 96 259 220
16 0.0126501275 194 156 308 240
1 0.0123112975 143 140 269 240
16 0.011537583 261 83 320 234
