16 0.5056709 136 36 266 240
16 0.43530145 177 99 224 216
16 0.18964694 145 82 189 224
20 0.16335091 161 20 243 240
20 0.14022446 177 99 224 216
17 0.10540992 177 99 224 216
17 0.08673162 161 20 243 240
16 0.079623066 127 60 205 237
20 0.06370453 145 82 189 224
17 0.061371185 107 67 293 225
20 0.049221676 127 60 205 237
17 0.03519453 127 60 205 237
19 0.02905863 107 67 293 225
17 0.028895492 145 82 189 224
8 0.028868677 177 99 224 216
16 0.028151462 171 70 236 184
16 0.020711914 48 72 270 220
20 0.019502563 171 70 236 184
16 0.016886482 65 56 174 240
8 0.01634406 145 82 189 224
19 0.016073126 161 20 243 240
8 0.015049215 114 51 225 240
