17 0.21367177 177 2 245 227
17 0.17529126 221 12 283 215
17 0.13178208 141 0 273 237
21 0.08451231 141 0 273 237
16 0.07335226 141 0 273 237
17 0.06312336 257 10 320 216
16 0.056740317 256 0 320 173
16 0.05289391 127 0 199 192
17 0.05020572 127 0 199 192
17 0.04822193 211 111 293 240
21 0.047284145 221 12 283 215
16 0.04691085 40 0 89 133
16 0.0467321 83 0 150 166
17 0.043219358 193 9 307 240
16 0.041415405 177 2 245 227
17 0.041369785 168 99 243 240
16 0.040992774 217 5 277 240
17 0.039297655 45 0 89 157
