17 0.14739141 120 106 295 240
21 0.09485211 120 106 295 240
3 0.027462857 109 119 309 240
13 0.02533783 120 106 295 240
14 0.023741659 120 106 295 240
12 0.017078806 120 106 295 240
13 0.01571185 211 0 296 192
9 0.015566091 120 106 295 240
17 0.014852342 201 138 302 240
7 0.013767659 120 106 295 240
19 0.012382743 146 126 273 240
20 0.011967258 126 102 294 240
12 0.0119055435 272 133 318 240
13 0.011800999 274 95 317 226
17 0.01119081 263 123 320 240
16 0.010387186 203 44 299 203
15 0.010106116 109 119 309 240
16 0.009967606 120 106 295 240
