17 0.31649086 106 45 216 201
17 0.27259967 70 52 180 196
17 0.2113745 98 0 140 240
20 0.17792594 24 53 128 197
17 0.17273542 134 0 174 240
20 0.15356296 0 52 79 200
20 0.15307856 70 52 180 196
16 0.15158115 97 2 205 228
16 0.1510257 164 3 320 226
16 0.12952404 61 2 164 228
16 0.121788956 47 0 91 240
20 0.11397374 106 45 216 201
16 0.10796809 16 0 112 240
17 0.10782224 24 53 128 197
16 0.10420696 0 52 79 200
16 0.0950176 2 0 55 240
16 0.09363976 24 53 128 197
21 0.093626365 61 2 164 228
17 0.09183124 47 0 91 240
16 0.08654487 98 0 140 240
16 0.08523024 134 0 174 240
21 0.0823888 97 2 205 228
20 0.081876494 47 0 91 240
20 0.072597526 2 0 55 240
20 0.06948185 16 0 112 240
17 0.063901275 131 33 293 211
