16 0.06923667 157 98 262 240
16 0.058466796 113 138 293 240
17 0.053862847 113 138 293 240
20 0.036670458 152 122 262 240
19 0.018500129 113 138 293 240
17 0.017683135 157 98 262 240
11 0.012870389 113 138 293 240
16 0.010980618 206 110 303 240
9 0.009741787 113 138 293 240
8 0.009089433 157 98 262 240
20 0.008871368 80 87 151 219
16 0.00817167 117 102 203 240
20 0.0077826153 132 90 193 218
20 0.007124138 217 96 295 218
20 0.0067120907 118 126 204 240
7 0.0065028663 157 98 262 240
20 0.0061511924 264 54 320 193
20 0.006144176 230 57 287 185
7 0.00580189 74 72 148 228
