16 0.49288946 135 66 270 240
16 0.3634665 174 100 222 219
17 0.1687794 174 100 222 219
16 0.12654464 121 77 216 231
17 0.10695427 135 66 270 240
20 0.045768227 155 7 250 240
20 0.03708797 174 100 222 219
17 0.036654152 121 77 216 231
16 0.03342605 172 74 232 182
16 0.03160258 161 117 247 240
17 0.0239921 161 117 247 240
20 0.019517776 111 48 220 240
20 0.01596904 141 77 193 233
16 0.015604882 134 103 186 240
16 0.013243667 262 105 320 240
17 0.01160557 160 15 235 240
20 0.011506001 172 74 232 182
16 0.011192198 64 69 165 230
17 0.010743292 134 103 186 240
