16 0.5222901 141 56 261 240
16 0.4293414 175 103 222 218
16 0.166416 144 87 191 227
17 0.15864043 175 103 222 218
17 0.12626243 169 15 242 240
20 0.08057876 175 103 222 218
20 0.07954387 169 15 242 240
16 0.07477465 130 52 206 240
17 0.06829095 97 60 304 235
17 0.052512344 144 87 191 227
17 0.052280318 125 64 215 240
20 0.047689848 144 87 191 227
20 0.040519517 130 52 206 240
16 0.033239815 168 76 236 183
16 0.022823831 33 58 285 237
8 0.017516583 175 103 222 218
20 0.017410874 168 76 236 183
16 0.016819168 69 70 167 232
16 0.013318609 264 106 320 240
20 0.012985929 86 71 147 229
