17 0.25231674 66 36 184 210
16 0.24639066 108 13 219 232
17 0.24090779 108 13 219 232
16 0.18028468 60 0 168 237
17 0.17468444 97 0 146 240
16 0.15067174 134 0 181 240
16 0.1395699 91 1 145 180
16 0.12708785 139 0 271 240
20 0.12212971 16 36 131 212
17 0.11937809 134 0 181 240
20 0.11664294 0 36 81 216
16 0.1041382 44 4 96 240
17 0.089322336 16 36 131 212
20 0.08776081 66 36 184 210
16 0.0838645 0 36 81 216
16 0.083541065 16 36 131 212
21 0.077961266 99 0 212 240
21 0.06472971 60 0 168 237
17 0.06150527 44 4 96 240
20 0.061222818 108 13 219 232
