16 0.31474492 91 0 225 238
17 0.2643993 107 20 223 225
17 0.24887283 67 46 183 200
16 0.23777816 132 0 285 240
16 0.20406035 58 0 170 235
17 0.15050673 93 0 148 240
16 0.12190872 93 0 148 240
16 0.11229146 132 0 187 240
17 0.10986584 20 38 128 207
17 0.10295905 132 0 187 240
16 0.09618136 47 0 98 240
16 0.08853057 17 13 113 224
20 0.07472612 20 38 128 207
21 0.07351564 65 0 249 240
20 0.07247517 0 37 84 213
16 0.07209168 4 5 56 238
17 0.06621913 47 0 98 240
1 0.06549625 167 16 320 213
21 0.06385308 0 20 73 220
