17 0.11580931 138 101 274 240
17 0.023588954 242 158 320 240
17 0.021053175 104 81 227 240
11 0.018945515 138 140 275 240
17 0.017396018 199 100 295 240
16 0.016074253 138 140 275 240
13 0.015795792 214 5 290 179
16 0.014529293 211 48 295 195
17 0.013987293 268 179 317 240
17 0.012760367 226 116 272 204
15 0.010984929 91 117 314 240
17 0.009878717 282 119 320 201
21 0.008973478 138 101 274 240
17 0.0088093905 182 142 229 240
16 0.008610099 261 90 320 229
16 0.0085195545 242 158 320 240
14 0.008515809 104 81 227 240
