17 0.08835471 113 140 290 240
16 0.078601785 151 130 257 237
20 0.042320933 151 130 257 237
20 0.011776036 167 94 250 214
20 0.011036149 84 86 146 219
8 0.01089148 145 112 270 240
16 0.01007618 196 118 312 240
16 0.010045095 110 115 215 240
11 0.009945938 113 140 290 240
19 0.009270998 113 140 290 240
7 0.008903127 40 82 105 223
20 0.008617172 218 98 292 214
20 0.008613645 228 55 285 187
7 0.008511904 84 86 146 219
20 0.008283283 129 91 193 218
20 0.008047934 262 52 320 193
16 0.0077153333 114 161 302 240
20 0.0073436294 120 130 205 239
16 0.00689868 167 94 250 214
17 0.006848594 94 103 310 220
7 0.006586086 151 130 257 237
