18 0.15190588 132 95 198 202
2 0.13515708 146 72 193 219
18 0.10201519 162 90 238 206
2 0.089068644 174 72 227 225
8 0.031545956 132 95 198 202
8 0.016739693 162 90 238 206
13 0.016472653 132 95 198 202
18 0.014632212 79 63 149 172
2 0.014178922 114 41 211 199
2 0.013991339 79 63 149 172
12 0.012531901 132 95 198 202
18 0.01194267 133 12 191 156
18 0.011355527 114 41 211 199
13 0.011318517 162 90 238 206
18 0.009958521 33 68 105 170
5 0.009029717 132 95 198 202
2 0.00891087 153 46 255 193
19 0.00883874 146 72 193 219
2 0.008692852 89 45 142 135
2 0.008490791 33 68 105 170
18 0.0084569715 211 51 289 184
