18 0.20430155 83 12 229 232
2 0.19510838 83 12 229 232
13 0.06713456 97 35 215 208
19 0.05749446 98 0 231 240
18 0.0199638 51 28 179 217
3 0.015785508 98 0 231 240
7 0.015134814 98 0 231 240
18 0.015128201 106 0 202 96
2 0.014285001 51 28 179 217
2 0.013403649 153 41 244 202
18 0.013143557 108 12 205 168
14 0.011780559 98 0 231 240
21 0.011614755 98 0 231 240
17 0.010105617 83 12 229 232
18 0.009748574 169 19 237 221
10 0.009438903 83 12 229 232
19 0.00914372 51 28 179 217
13 0.008886056 57 40 173 207
