18 0.1900204 65 4 247 237
2 0.16171354 100 31 210 209
2 0.1595259 65 4 247 237
18 0.13183863 100 31 210 209
13 0.062416293 100 31 210 209
13 0.030928751 65 4 247 237
19 0.028971393 92 0 238 240
7 0.024039473 92 0 238 240
14 0.02226788 92 0 238 240
17 0.015506044 65 4 247 237
18 0.01285255 133 0 187 129
18 0.012144543 87 123 241 240
21 0.011426047 92 0 238 240
8 0.011299836 113 148 216 240
2 0.009906382 165 18 240 216
11 0.009220878 65 4 247 237
6 0.008831097 111 8 203 221
10 0.008434462 65 4 247 237
13 0.008252738 53 39 173 208
18 0.0077348873 118 166 208 240
18 0.007513062 171 0 243 139
18 0.0074288216 152 31 245 207
