18 0.26596528 118 98 204 196
18 0.2423987 138 77 188 215
2 0.15381518 118 98 204 196
2 0.121529534 138 77 188 215
8 0.11974473 138 77 188 215
8 0.06347695 118 98 204 196
18 0.032093707 157 86 240 208
2 0.024398483 151 77 239 227
5 0.02156702 118 98 204 196
5 0.02051676 138 77 188 215
18 0.016991125 75 64 154 227
19 0.015727298 138 77 188 215
2 0.01430124 100 35 219 200
12 0.01311007 118 98 204 196
18 0.012451291 100 35 219 200
18 0.011514641 29 69 108 170
7 0.010916982 118 98 204 196
13 0.010699662 118 98 204 196
18 0.0104442155 132 10 190 159
2 0.010187167 76 69 148 170
2 0.009334791 91 48 141 134
14 0.009228234 118 98 204 196
