18 0.22974473 113 100 208 195
18 0.20653418 135 76 190 217
2 0.13464247 113 100 208 195
2 0.11431654 135 76 190 217
8 0.097671986 135 76 190 217
8 0.061683223 113 100 208 195
18 0.03802215 154 89 243 206
2 0.031801775 148 75 239 228
18 0.025022369 75 66 158 226
5 0.023219494 113 100 208 195
5 0.021766923 135 76 190 217
8 0.016802808 154 89 243 206
2 0.015994996 95 28 221 207
19 0.015037367 135 76 190 217
18 0.011295661 95 28 221 207
18 0.010569354 28 39 109 186
14 0.010071843 113 100 208 195
13 0.009817258 113 100 208 195
2 0.009468063 52 49 172 240
7 0.00946664 113 100 208 195
