8 0.2143465 140 82 188 213
18 0.17900592 113 95 212 199
8 0.14131919 113 95 212 199
18 0.11068664 140 82 188 213
2 0.10420311 113 95 212 199
2 0.07282067 140 82 188 213
8 0.030631298 153 84 245 209
18 0.026258782 78 70 155 222
2 0.025685696 144 68 245 232
5 0.0252502 113 95 212 199
18 0.024114868 153 84 245 209
5 0.020627389 140 82 188 213
2 0.0143954335 97 15 218 218
18 0.014035701 53 43 174 240
2 0.01376975 125 60 198 177
18 0.013266217 125 60 198 177
8 0.012975004 125 60 198 177
19 0.012522188 140 82 188 213
14 0.011542565 113 95 212 199
18 0.010631626 94 0 222 217
18 0.010170498 28 67 110 173
13 0.009517218 113 95 212 199
7 0.009498241 113 95 212 199
2 0.009396121 53 43 174 240
