2 0.16865169 142 72 193 221
2 0.10212709 176 70 226 229
18 0.08500561 135 90 193 207
18 0.06087579 168 86 232 210
13 0.019803986 135 90 193 207
2 0.01927251 126 53 187 184
2 0.016780635 78 61 145 171
18 0.0137041155 126 53 187 184
13 0.011418426 168 86 232 210
8 0.010877093 135 90 193 207
18 0.009832145 78 61 145 171
2 0.009565529 31 34 108 190
8 0.009297532 168 86 232 210
18 0.009134815 119 0 204 225
2 0.008926618 88 44 140 135
2 0.008914597 163 39 239 190
18 0.0078961775 34 65 101 173
2 0.007515945 47 49 94 132
