18 0.24735661 63 0 249 240
2 0.16719337 97 25 215 215
13 0.087651595 97 25 215 215
18 0.051817756 109 2 205 229
19 0.049958285 94 0 236 240
7 0.030936763 94 0 236 240
14 0.022990227 94 0 236 240
17 0.016953515 63 0 249 240
2 0.014609667 37 14 189 230
21 0.013670684 94 0 236 240
11 0.013109547 63 0 249 240
6 0.0126034105 109 2 205 229
8 0.011641122 113 148 216 240
18 0.010817272 87 125 241 240
10 0.010049187 63 0 249 240
13 0.008987188 55 32 175 214
12 0.008304709 94 0 236 240
2 0.0077615855 166 18 238 218
18 0.007370606 161 0 242 200
3 0.0072992933 94 0 236 240
