2 0.18388501 71 2 241 239
18 0.1517016 71 2 241 239
2 0.08490456 112 5 203 224
13 0.07800311 98 35 215 207
19 0.0468556 87 0 241 240
14 0.04374551 87 0 241 240
18 0.032712974 112 5 203 224
7 0.029344382 87 0 241 240
17 0.020220464 71 2 241 239
2 0.018334283 45 22 181 222
13 0.016643312 57 33 175 213
21 0.016443612 87 0 241 240
18 0.014184673 160 0 244 192
8 0.012869125 108 146 220 240
2 0.0125986 170 13 238 224
11 0.011868455 71 2 241 239
15 0.011787599 87 0 241 240
18 0.010679902 87 128 240 240
3 0.010317285 87 0 241 240
18 0.010169825 126 0 193 127
