18 0.20416264 70 4 240 239
2 0.20400164 70 4 240 239
19 0.09506688 95 0 234 240
13 0.09212661 98 32 220 209
14 0.027324654 95 0 234 240
7 0.025656568 95 0 234 240
19 0.020966882 42 12 189 232
3 0.017795358 95 0 234 240
18 0.017227683 59 33 173 213
10 0.016551822 70 4 240 239
13 0.015020034 59 33 173 213
21 0.013600318 95 0 234 240
17 0.013083154 70 4 240 239
2 0.011893577 59 33 173 213
15 0.011551523 95 0 234 240
9 0.011507772 95 0 234 240
2 0.009750151 154 35 249 205
18 0.009247738 118 0 198 177
18 0.008732442 93 124 236 240
