18 0.22911228 75 0 241 240
18 0.18088162 103 48 210 193
2 0.14428759 103 48 210 193
2 0.14202002 75 0 241 240
13 0.07407111 103 48 210 193
18 0.0304339 172 11 238 164
19 0.029910441 93 0 240 240
19 0.024906773 103 48 210 193
13 0.022602508 75 0 241 240
18 0.019558204 43 21 190 220
7 0.019373903 93 0 240 240
2 0.018352468 172 11 238 164
18 0.018114852 115 0 200 152
10 0.01579729 75 0 241 240
14 0.015527323 93 0 240 240
2 0.01440671 43 21 190 220
17 0.012533081 75 0 241 240
13 0.012044376 64 39 166 206
