2 0.20618467 71 10 241 232
18 0.149695 71 10 241 232
13 0.07130754 99 33 213 208
19 0.04915628 92 0 238 240
14 0.037618674 92 0 238 240
7 0.031847354 92 0 238 240
18 0.022954937 106 0 206 144
17 0.022347553 71 10 241 232
21 0.019681873 92 0 238 240
2 0.017366923 170 13 239 223
2 0.016437035 46 26 179 220
18 0.016334651 169 0 248 135
13 0.014947002 57 32 173 214
8 0.01387946 108 146 221 240
15 0.013103504 92 0 238 240
3 0.012608879 92 0 238 240
18 0.011801158 115 0 195 76
18 0.011688118 87 126 241 240
