18 0.23002192 76 6 235 239
2 0.1949802 100 31 211 209
13 0.05846296 100 31 211 209
19 0.040185932 97 0 227 240
7 0.02694087 97 0 227 240
18 0.026267063 46 20 180 226
14 0.023401992 97 0 227 240
2 0.0215467 46 20 180 226
18 0.018697595 112 0 199 156
13 0.018649934 60 34 170 213
18 0.017288769 135 0 190 116
18 0.016719213 114 155 212 240
2 0.016711969 157 34 243 204
18 0.016357053 85 131 244 240
18 0.013044459 170 20 236 218
8 0.012505592 114 155 212 240
19 0.011681258 46 20 180 226
3 0.011631116 97 0 227 240
