2 0.25838706 74 2 234 240
18 0.15407392 74 2 234 240
13 0.0801857 97 22 216 216
19 0.049778614 101 0 224 240
7 0.028530631 101 0 224 240
13 0.026058426 64 32 163 212
14 0.022034666 101 0 224 240
3 0.018168963 101 0 224 240
18 0.01798652 102 0 208 103
18 0.015627418 120 6 193 168
2 0.01394628 152 30 248 209
21 0.012634126 101 0 224 240
10 0.011536028 74 2 234 240
18 0.011442608 85 126 244 240
18 0.010967725 113 153 214 240
19 0.01073378 37 14 186 234
8 0.010451084 113 153 214 240
2 0.010356966 64 32 163 212
18 0.010244246 174 2 232 174
