2 0.25926465 73 0 240 240
18 0.14102618 73 0 240 240
13 0.063217185 102 30 214 212
19 0.055918448 96 0 233 240
7 0.0275896 96 0 233 240
14 0.022814762 96 0 233 240
3 0.022212239 96 0 233 240
18 0.018920667 88 127 242 240
13 0.018592926 65 28 168 219
21 0.01549741 96 0 233 240
18 0.014643952 115 159 217 240
2 0.014367302 158 36 244 204
18 0.014123844 118 9 197 165
8 0.014076284 110 152 217 240
10 0.014037076 73 0 240 240
2 0.012610143 118 9 197 165
17 0.011938389 73 0 240 240
15 0.011210654 96 0 233 240
