2 0.25501376 75 2 238 240
2 0.22685044 100 40 215 201
18 0.12841554 75 2 238 240
18 0.09627771 100 40 215 201
13 0.06210446 100 40 215 201
19 0.052836355 98 12 230 231
13 0.039328698 75 2 238 240
3 0.020936752 98 12 230 231
14 0.017855644 98 12 230 231
7 0.015895374 98 12 230 231
2 0.015454113 156 42 244 198
21 0.014527573 98 12 230 231
18 0.012116027 91 138 239 240
2 0.009752546 178 0 238 160
18 0.0092648575 59 43 168 203
13 0.0089556305 59 43 168 203
18 0.008775676 109 0 202 116
18 0.008309524 172 0 235 100
