18 0.27425346 60 2 252 240
2 0.15271623 95 22 217 221
13 0.087976106 95 22 217 221
18 0.060425747 109 5 204 229
19 0.043357853 88 0 242 240
7 0.027360773 88 0 242 240
18 0.017442381 175 12 236 167
14 0.0150697455 88 0 242 240
6 0.014784434 109 5 204 229
17 0.013960149 60 2 252 240
21 0.013044969 88 0 242 240
11 0.012773339 60 2 252 240
18 0.011961479 133 0 192 123
10 0.011710663 60 2 252 240
2 0.011645124 167 18 234 220
8 0.0108879935 112 147 217 240
13 0.0107531 54 26 176 221
18 0.010361274 87 127 240 240
18 0.010040633 96 0 221 123
