2 0.29445118 80 0 231 240
18 0.1189003 80 0 231 240
13 0.06840875 100 21 218 224
19 0.051407892 104 0 226 240
18 0.028959285 120 3 195 172
2 0.02853498 41 21 181 228
7 0.023579072 104 0 226 240
2 0.022453614 120 3 195 172
13 0.021637684 64 29 168 220
18 0.0206791 89 129 242 240
18 0.018060079 117 159 216 240
2 0.016938869 154 31 243 211
18 0.01632467 173 0 242 128
14 0.015770756 104 0 226 240
3 0.015128371 104 0 226 240
10 0.014207889 80 0 231 240
18 0.014074786 41 21 181 228
8 0.013191197 111 148 216 240
