2 0.17426375 143 75 194 217
2 0.10574929 176 72 227 228
18 0.075785525 132 88 196 208
18 0.052513056 165 86 235 209
13 0.022827089 132 88 196 208
2 0.020261448 126 55 188 181
2 0.018421303 78 64 146 169
2 0.015326848 110 43 213 194
13 0.013673697 165 86 235 209
8 0.012927781 132 88 196 208
18 0.010383029 132 9 192 159
18 0.0102440985 78 64 146 169
2 0.010049579 30 34 109 190
8 0.010022191 165 86 235 209
2 0.009705039 89 45 141 134
2 0.00950192 61 50 173 183
2 0.009430183 160 37 243 191
18 0.008756433 118 0 204 227
18 0.008607126 34 66 101 171
2 0.0069386186 47 49 94 131
