18 0.15045959 115 88 208 205
8 0.10812315 144 84 189 211
8 0.10001903 115 88 208 205
18 0.08969352 144 84 189 211
2 0.079855934 115 88 208 205
2 0.05588664 144 84 189 211
8 0.04929506 154 87 240 205
18 0.04550528 154 87 240 205
2 0.038032204 154 87 240 205
18 0.02620725 126 66 195 174
5 0.017456388 115 88 208 205
2 0.017325643 126 66 195 174
8 0.016439656 126 66 195 174
18 0.014963192 76 43 156 185
18 0.011762132 99 0 217 215
18 0.011084743 30 67 109 172
5 0.0108913025 144 84 189 211
18 0.0096357865 47 0 176 193
19 0.008460006 144 84 189 211
2 0.008242044 75 61 155 176
12 0.008124674 115 88 208 205
18 0.007934816 88 13 146 151
