2 0.23742837 97 40 214 204
2 0.22081162 64 1 248 240
18 0.20627825 64 1 248 240
18 0.14858235 97 40 214 204
19 0.06447912 103 0 227 240
13 0.03682119 97 40 214 204
14 0.03014075 103 0 227 240
7 0.025722094 103 0 227 240
13 0.022907753 64 1 248 240
21 0.019258153 103 0 227 240
2 0.01673473 171 11 234 231
18 0.014048317 123 0 198 183
2 0.013532888 61 46 168 203
18 0.012323837 171 11 234 231
18 0.011711314 61 46 168 203
18 0.010659942 92 134 236 240
3 0.0098098535 103 0 227 240
18 0.009653364 175 0 234 128
