18 0.22869965 66 7 246 238
2 0.18842989 66 7 246 238
2 0.15997744 101 44 210 200
18 0.15618607 101 44 210 200
13 0.0637459 101 44 210 200
19 0.0621042 100 0 229 240
14 0.036864106 100 0 229 240
13 0.0343733 66 7 246 238
7 0.02194673 100 0 229 240
21 0.018540828 100 0 229 240
3 0.014971902 100 0 229 240
18 0.013371452 106 0 201 144
10 0.011357243 66 7 246 238
15 0.010520374 100 0 229 240
17 0.009746988 66 7 246 238
2 0.009704182 154 36 244 204
18 0.009675957 94 130 235 240
13 0.009242817 59 44 169 202
9 0.009191132 100 0 229 240
18 0.0089616915 169 9 236 228
18 0.008881477 173 0 245 137
