18 0.19290508 116 91 212 204
18 0.17105657 139 73 192 226
18 0.12642592 170 75 228 230
8 0.030866276 116 91 212 204
18 0.030426716 162 59 243 178
2 0.029241208 153 88 246 206
8 0.026680442 153 88 246 206
2 0.024841566 116 91 212 204
5 0.022824094 116 91 212 204
5 0.02162955 153 88 246 206
8 0.0210349 139 73 192 226
2 0.016032137 139 73 192 226
18 0.015848592 81 53 150 178
18 0.0146941235 128 16 194 154
18 0.013008523 150 17 257 160
18 0.012622064 67 65 160 228
18 0.01207096 97 0 225 191
18 0.011249723 212 56 287 183
5 0.010995859 139 73 192 226
