2 0.21223341 83 10 228 233
18 0.17434715 83 10 228 233
13 0.06604871 100 37 215 205
19 0.036752675 95 0 234 240
2 0.022232536 39 23 187 220
3 0.01847155 95 0 234 240
18 0.018445533 39 23 187 220
7 0.015690684 95 0 234 240
18 0.013014064 114 8 196 164
14 0.012669524 95 0 234 240
18 0.012026165 90 136 239 240
13 0.011818467 61 41 166 206
21 0.011756807 95 0 234 240
18 0.01046071 121 0 199 81
18 0.010367154 174 0 243 133
10 0.00963367 83 10 228 233
18 0.009205758 79 32 152 204
2 0.009054374 154 42 245 198
17 0.008826175 83 10 228 233
