18 0.21376878 77 0 236 240
2 0.17289244 98 36 212 209
19 0.06073215 97 0 228 240
13 0.05210466 98 36 212 209
7 0.021954702 97 0 228 240
18 0.019418057 49 23 181 221
3 0.016714558 97 0 228 240
18 0.015904356 99 0 209 96
2 0.015733186 155 42 242 201
17 0.0149901565 77 0 236 240
2 0.014936413 49 23 181 221
14 0.012558575 97 0 228 240
10 0.011637169 77 0 236 240
18 0.011135192 169 0 250 146
21 0.01059348 97 0 228 240
19 0.010439912 49 23 181 221
18 0.009944147 155 42 242 201
18 0.00992772 111 14 206 166
