2 0.112587884 129 95 193 204
18 0.09499205 129 95 193 204
2 0.070725724 164 93 230 203
18 0.05640973 164 93 230 203
13 0.024026228 129 95 193 204
18 0.017696977 133 14 194 151
2 0.01659899 78 68 144 168
2 0.014002797 109 47 207 193
13 0.0117964735 164 93 230 203
18 0.011527327 78 68 144 168
8 0.01042348 129 95 193 204
2 0.009714102 34 70 98 168
18 0.009492957 175 53 235 178
8 0.009433283 164 93 230 203
18 0.009412536 34 70 98 168
18 0.008197285 109 47 207 193
2 0.007952478 125 35 196 136
18 0.0076923245 208 50 285 184
2 0.0076491735 89 46 141 134
2 0.007633526 58 55 172 181
2 0.0073622325 147 45 253 195
