18 0.22437066 69 0 245 240
2 0.18826064 69 0 245 240
2 0.16852912 100 47 212 196
18 0.15089636 100 47 212 196
13 0.049196508 100 47 212 196
19 0.04220633 87 0 242 240
14 0.038938813 87 0 242 240
13 0.024279157 69 0 245 240
19 0.02134828 100 47 212 196
3 0.015184133 87 0 242 240
7 0.014667528 87 0 242 240
21 0.014177782 87 0 242 240
2 0.013613081 169 12 239 226
18 0.011212969 92 140 239 240
15 0.011108017 87 0 242 240
18 0.009229585 5 30 133 214
17 0.009209174 69 0 245 240
18 0.008689337 169 12 239 226
18 0.0078695575 100 0 206 134
