2 0.26372293 79 9 233 234
18 0.13305533 79 9 233 234
13 0.06844338 101 18 213 222
19 0.037285708 92 0 238 240
7 0.0343957 92 0 238 240
10 0.022136278 79 9 233 234
13 0.020055115 66 21 165 224
18 0.01842193 123 1 188 167
17 0.017215207 79 9 233 234
8 0.01680471 110 144 220 240
18 0.01641713 89 128 239 240
3 0.01533105 92 0 238 240
2 0.014770876 66 21 165 224
2 0.01467012 123 1 188 167
18 0.013928912 182 0 237 138
2 0.012614825 155 28 246 209
21 0.011678294 92 0 238 240
14 0.01154437 92 0 238 240
