2 0.15205115 144 74 194 217
18 0.13088901 130 94 200 203
2 0.104443245 173 74 228 224
18 0.08995056 161 90 240 207
8 0.024254221 130 94 200 203
13 0.018460272 130 94 200 203
2 0.016574187 113 42 212 198
2 0.015348887 78 62 150 173
8 0.014576828 161 90 240 207
18 0.013797988 78 62 150 173
13 0.013208239 161 90 240 207
18 0.011661925 133 12 191 156
12 0.011328591 130 94 200 203
2 0.010171806 153 47 255 192
18 0.010042988 173 50 235 181
18 0.009938527 33 67 105 171
18 0.009924681 114 0 205 230
2 0.00895234 89 45 142 135
2 0.008792573 33 67 105 171
2 0.008401878 60 50 176 186
