18 0.23095688 73 0 241 240
2 0.18436612 99 28 216 216
13 0.0502622 99 28 216 216
14 0.04844752 86 0 243 240
19 0.04827373 86 0 243 240
7 0.025120819 86 0 243 240
21 0.018723648 86 0 243 240
2 0.01835277 45 22 183 225
18 0.016622026 109 0 203 157
15 0.014365635 86 0 243 240
18 0.0138844075 166 0 241 193
13 0.013085413 61 27 173 221
8 0.012036582 111 144 218 240
2 0.011556769 169 12 239 228
17 0.01120095 73 0 241 240
3 0.010821839 86 0 243 240
18 0.010193903 45 22 183 225
18 0.0100688515 88 128 241 240
14 0.009874627 96 0 218 114
