18 0.24275915 112 97 211 198
18 0.18346877 137 80 189 216
8 0.16867778 137 80 189 216
2 0.10399484 112 97 211 198
8 0.09064134 112 97 211 198
2 0.07960279 137 80 189 216
18 0.043010313 151 88 246 206
18 0.033462975 79 71 154 222
2 0.030003466 148 72 240 230
8 0.028050318 151 88 246 206
5 0.02442895 112 97 211 198
5 0.023259519 137 80 189 216
18 0.018172264 53 47 173 240
19 0.015034832 137 80 189 216
18 0.013854436 124 61 198 179
2 0.013067806 96 19 219 215
18 0.012501855 96 19 219 215
2 0.012179161 124 61 198 179
14 0.011423682 112 97 211 198
18 0.011136426 30 67 108 174
2 0.009583002 53 47 173 240
