2 0.27050677 75 2 229 240
18 0.116058245 75 2 229 240
13 0.09976459 75 2 229 240
19 0.06309428 46 0 195 240
19 0.059610125 107 9 222 240
2 0.036640383 74 10 158 229
13 0.028624201 74 10 158 229
7 0.02297532 107 9 222 240
18 0.022303827 124 0 187 175
2 0.02065529 118 0 198 219
8 0.01881566 113 140 214 240
7 0.013424249 46 0 195 240
18 0.013104723 89 113 239 240
12 0.012655539 44 22 179 229
18 0.01260883 74 10 158 229
3 0.0121883815 107 9 222 240
8 0.011322886 147 151 257 240
13 0.010423776 118 0 198 219
