20 0.41519988 36 47 99 201
12 0.21665776 46 43 86 201
20 0.06322182 12 46 128 240
20 0.056993976 79 18 150 162
16 0.054677095 36 47 99 201
12 0.052911304 16 44 110 203
12 0.046695486 91 0 142 172
20 0.04067891 0 26 65 225
20 0.033039175 48 30 169 211
20 0.031371415 90 50 136 185
8 0.026658177 36 47 99 201
20 0.023701178 3 52 45 197
19 0.023389505 36 47 99 201
21 0.022990275 16 44 110 203
20 0.021382175 53 0 90 193
8 0.02134957 12 46 128 240
12 0.020786932 3 52 45 197
20 0.019009706 50 76 88 224
16 0.018585453 12 46 128 240
17 0.017642794 16 44 110 203
