20 0.08859437 28 6 107 221
16 0.046355393 19 0 109 234
21 0.044986706 19 0 109 234
8 0.03260887 28 6 107 221
7 0.032487504 19 0 109 234
12 0.026509447 19 0 109 234
11 0.023855267 28 6 107 221
12 0.021910394 40 38 93 200
20 0.021397384 0 0 73 239
1 0.021057665 17 8 109 233
20 0.017477794 70 0 163 186
17 0.015091676 19 0 109 234
7 0.0130249085 40 38 93 200
12 0.012156759 0 0 74 240
7 0.011679485 0 40 181 193
20 0.01131763 180 4 308 240
4 0.010975098 17 8 109 233
21 0.010593873 47 0 180 226
18 0.010414398 19 0 109 234
