12 0.090169504 52 62 102 185
8 0.07573186 41 87 101 213
8 0.072690904 20 45 133 240
18 0.063293494 32 42 122 207
7 0.04123618 32 42 122 207
18 0.037689913 52 62 102 185
8 0.027101532 46 2 179 240
20 0.02680471 20 45 133 240
12 0.026217772 83 78 147 220
16 0.025091775 41 87 101 213
7 0.024987374 46 49 92 200
12 0.02359213 32 42 122 207
20 0.021561472 46 49 92 200
6 0.020283295 52 62 102 185
19 0.019624121 32 42 122 207
7 0.017519819 55 91 106 211
20 0.016549518 55 91 106 211
5 0.015495883 32 42 122 207
11 0.0149534615 55 91 106 211
8 0.013018735 70 87 140 220
4 0.0123934625 55 91 106 211
3 0.012301934 52 62 102 185
