20 0.07663323 38 83 103 227
19 0.073172726 45 77 111 232
19 0.07109892 61 56 145 240
7 0.067079 38 83 103 227
7 0.055134784 0 70 231 237
12 0.04423694 45 77 111 232
21 0.04273709 46 64 174 240
19 0.035412773 0 70 231 237
7 0.03473138 61 56 145 240
6 0.02564634 45 77 111 232
6 0.023747597 72 77 145 235
20 0.023512322 61 56 145 240
21 0.022121824 38 83 103 227
6 0.0217963 186 70 228 238
12 0.020126041 72 77 145 235
16 0.018531704 38 83 103 227
18 0.018474199 45 77 111 232
4 0.017449992 38 83 103 227
6 0.016266508 182 105 239 203
4 0.014347704 61 56 145 240
