18 0.052360605 20 29 130 219
8 0.038939312 4 38 148 240
8 0.036710966 34 61 109 238
16 0.031785112 34 61 109 238
14 0.017449116 4 38 148 240
16 0.01736571 4 38 148 240
19 0.016576359 20 29 130 219
7 0.015929006 4 38 148 240
20 0.014960402 34 61 109 238
19 0.014052038 82 0 244 197
20 0.013995664 4 38 148 240
18 0.013372323 59 0 183 185
12 0.01111208 52 49 104 190
17 0.011037129 34 61 109 238
14 0.010727082 32 3 111 238
12 0.009990456 34 6 102 231
7 0.009540682 34 61 109 238
8 0.009287822 105 4 226 234
