20 0.13667712 184 55 245 191
19 0.1335251 191 49 233 185
19 0.11187177 213 36 262 201
20 0.104329675 209 48 276 197
2 0.10345153 184 55 245 191
2 0.07213749 209 48 276 197
12 0.052875485 184 55 245 191
5 0.04941376 184 55 245 191
12 0.038527757 209 48 276 197
18 0.02637831 213 36 262 201
5 0.02171081 213 36 262 201
7 0.019095017 216 44 275 188
7 0.01908044 187 55 245 183
18 0.016997932 191 49 233 185
8 0.016475547 209 48 276 197
8 0.015151985 184 55 245 191
4 0.013743656 184 55 245 191
21 0.01368185 213 36 262 201
