18 0.11077615 200 34 309 191
20 0.062930994 246 25 320 202
18 0.051477395 246 25 320 202
12 0.044222604 246 25 320 202
20 0.036507066 195 23 310 217
8 0.02640511 246 25 320 202
12 0.017467294 200 34 309 191
4 0.017269954 195 23 310 217
4 0.016980384 246 25 320 202
19 0.015455992 246 25 320 202
2 0.013710354 195 23 310 217
13 0.013385954 246 25 320 202
19 0.013335815 195 23 310 217
3 0.013288278 195 23 310 217
13 0.013122221 200 34 309 191
2 0.010841167 246 25 320 202
21 0.010121 200 34 309 191
8 0.009740941 200 34 309 191
7 0.009508363 246 25 320 202
5 0.009379849 200 34 309 191
