2 0.29167295 186 83 243 164
12 0.11326638 186 83 243 164
12 0.0934206 177 36 232 206
2 0.09044265 214 76 277 169
2 0.08318908 177 36 232 206
4 0.065069735 177 36 232 206
4 0.062261913 186 83 243 164
20 0.054597985 177 36 232 206
2 0.038845908 187 102 241 204
20 0.033198934 186 83 243 164
2 0.03168102 206 33 271 207
4 0.028606897 206 33 271 207
12 0.028052477 214 76 277 169
12 0.026620692 206 33 271 207
4 0.02225851 214 76 277 169
8 0.021687796 177 36 232 206
2 0.019678548 178 45 248 140
20 0.018418053 206 33 271 207
7 0.0176311 184 64 247 176
12 0.017204784 178 45 248 140
19 0.016608443 177 36 232 206
6 0.016244337 186 83 243 164
5 0.016042957 177 36 232 206
7 0.015449946 177 36 232 206
12 0.014675643 211 42 284 140
13 0.014630148 186 83 243 164
5 0.014411513 206 33 271 207
12 0.01371967 187 102 241 204
6 0.013627016 177 36 232 206
2 0.0136244185 220 99 280 209
2 0.013256333 127 41 206 195
