2 0.32577565 171 81 239 167
2 0.16481763 178 49 228 197
12 0.053399466 171 81 239 167
4 0.038538065 178 49 228 197
12 0.030690758 178 49 228 197
2 0.028503587 119 53 196 189
4 0.027191175 171 81 239 167
18 0.02659167 178 49 228 197
20 0.026458649 171 81 239 167
20 0.021606568 178 49 228 197
19 0.021164933 178 49 228 197
6 0.021035837 171 81 239 167
2 0.019986222 211 71 285 231
6 0.019128311 178 49 228 197
18 0.01904684 171 81 239 167
7 0.0136909215 171 81 239 167
21 0.012223731 178 49 228 197
5 0.010410642 178 49 228 197
2 0.008851302 166 19 246 162
2 0.008779691 197 48 297 183
8 0.008514484 178 49 228 197
2 0.007877288 107 12 226 237
13 0.0077493815 171 81 239 167
