20 0.31510916 28 22 95 218
20 0.12962265 40 44 83 193
12 0.084725656 40 44 83 193
12 0.08233506 10 4 114 238
20 0.08121391 0 8 68 236
21 0.07454911 10 4 114 238
16 0.07322772 10 4 114 238
17 0.058998134 10 4 114 238
8 0.054175846 28 22 95 218
20 0.03851197 83 0 154 183
12 0.034785677 0 8 68 236
8 0.028338693 0 8 68 236
20 0.026219297 3 56 45 188
11 0.023287674 10 4 114 238
16 0.021176632 0 8 68 236
12 0.019202221 3 56 45 188
19 0.018261772 22 29 109 219
20 0.018048348 1 1 131 240
16 0.016915193 62 0 168 183
