18 0.050566908 16 29 133 217
8 0.036891706 1 37 151 240
8 0.032982707 37 57 108 240
16 0.025648639 37 57 108 240
19 0.019716226 16 29 133 217
7 0.01901208 1 37 151 240
19 0.01714371 80 0 246 198
20 0.015620297 37 57 108 240
18 0.014367418 56 0 185 179
20 0.01342336 1 37 151 240
16 0.013255053 1 37 151 240
14 0.012910153 1 37 151 240
12 0.012327398 45 80 114 221
7 0.011977686 37 57 108 240
18 0.011936292 37 57 108 240
17 0.010216313 37 57 108 240
19 0.0098928595 37 57 108 240
5 0.009349473 105 10 227 227
12 0.009180569 35 4 102 231
9 0.008973244 66 25 253 215
