2 0.27915224 187 74 241 168
2 0.22113185 216 65 271 178
2 0.1260689 184 30 233 204
12 0.09224061 187 74 241 168
2 0.08531257 211 11 264 229
12 0.047867797 184 30 233 204
4 0.043986764 184 30 233 204
12 0.037598535 216 65 271 178
4 0.035505407 187 74 241 168
5 0.034600142 184 30 233 204
20 0.030632248 187 74 241 168
4 0.029237952 211 11 264 229
6 0.027762432 184 30 233 204
20 0.026944235 184 30 233 204
6 0.02468911 187 74 241 168
19 0.023065727 184 30 233 204
6 0.020766126 211 11 264 229
2 0.020131875 159 20 270 154
8 0.019188125 184 30 233 204
5 0.018726423 211 11 264 229
4 0.018448146 216 65 271 178
12 0.018395849 211 11 264 229
21 0.016656136 184 30 233 204
7 0.015952116 184 30 233 204
6 0.015579452 216 65 271 178
5 0.0131736295 187 74 241 168
13 0.012624038 216 65 271 178
