2 0.2019097 183 80 238 166
12 0.11945298 183 80 238 166
12 0.091432326 177 43 225 191
2 0.08595883 177 43 225 191
4 0.078864254 183 80 238 166
20 0.07107504 177 43 225 191
4 0.06438335 177 43 225 191
20 0.062566146 183 80 238 166
6 0.046824228 183 80 238 166
8 0.041066732 177 43 225 191
6 0.026539223 177 43 225 191
7 0.024616377 177 43 225 191
5 0.020913912 177 43 225 191
2 0.019475318 189 96 236 206
12 0.019319255 189 96 236 206
7 0.015357108 183 80 238 166
19 0.014734731 177 43 225 191
12 0.01468102 168 62 243 227
8 0.0144716175 183 80 238 166
4 0.013728935 208 42 272 191
5 0.013184201 183 80 238 166
2 0.0130766835 107 41 202 191
2 0.012952955 168 62 243 227
2 0.012424551 215 63 274 177
20 0.012118961 189 96 236 206
12 0.009710575 208 42 272 191
