18 0.023172844 28 22 118 219
19 0.019046085 70 0 256 193
9 0.01461638 85 34 241 212
7 0.012583901 28 22 118 219
8 0.011750999 85 34 241 212
5 0.011249188 199 69 293 239
20 0.008928227 109 0 222 240
5 0.00859984 137 65 272 176
14 0.008242674 28 0 112 240
5 0.008118205 98 38 228 200
21 0.0075609097 70 0 256 193
19 0.007474242 28 22 118 219
19 0.0072868066 94 60 237 240
8 0.007123596 8 30 141 240
11 0.0067712553 85 34 241 212
18 0.0067681037 62 0 178 200
14 0.0066671004 85 34 241 212
21 0.006397184 28 22 118 219
17 0.005846609 70 0 256 193
9 0.00577107 124 60 297 184
