2 0.1119138 179 75 233 165
8 0.09355325 179 75 233 165
4 0.08969479 179 75 233 165
12 0.08235454 179 75 233 165
6 0.06826227 179 75 233 165
20 0.048053637 180 43 228 190
5 0.04031637 180 43 228 190
7 0.034793776 180 43 228 190
8 0.021121822 186 96 230 199
2 0.015329348 186 96 230 199
2 0.015234005 173 60 240 228
12 0.014573317 186 96 230 199
8 0.012761879 212 54 273 180
19 0.011786724 180 43 228 190
4 0.011457305 173 60 240 228
8 0.011023287 173 60 240 228
4 0.010542366 186 96 230 199
6 0.01027789 177 41 231 137
12 0.009762308 173 60 240 228
12 0.0090893535 177 41 231 137
4 0.008945567 177 41 231 137
2 0.0083086165 207 36 276 195
