20 0.13820754 184 54 244 192
19 0.13094302 193 51 234 183
19 0.109715335 213 37 263 199
20 0.09910776 209 46 275 198
2 0.084639214 184 54 244 192
2 0.06368366 209 46 275 198
12 0.061708413 184 54 244 192
5 0.06135842 184 54 244 192
12 0.047433645 209 46 275 198
5 0.034048885 213 37 263 199
18 0.026732778 213 37 263 199
7 0.016102035 184 54 244 192
7 0.016080778 215 44 278 189
18 0.0154695045 193 51 234 183
21 0.014915833 213 37 263 199
8 0.013797095 209 46 275 198
21 0.013646492 187 57 247 181
19 0.013512768 206 12 291 161
8 0.012723826 184 54 244 192
