20 0.05975538 251 34 320 194
18 0.05143485 243 15 320 222
21 0.049265224 251 34 320 194
18 0.04140602 207 42 302 191
21 0.040977716 207 42 302 191
3 0.03860386 190 10 320 233
3 0.03212369 207 42 302 191
3 0.030153222 251 34 320 194
19 0.026040303 244 22 320 219
20 0.025710136 207 42 302 191
5 0.023098344 207 42 302 191
5 0.020144433 251 34 320 194
15 0.020081444 251 34 320 194
12 0.017774502 251 34 320 194
13 0.017366422 251 34 320 194
14 0.014879746 251 34 320 194
2 0.0144478325 244 22 320 219
13 0.014415508 207 42 302 191
5 0.014368896 190 10 320 233
