20 0.080723785 190 0 314 239
20 0.06983739 245 23 320 206
12 0.05335552 245 23 320 206
21 0.047619443 206 25 302 198
18 0.039086662 190 0 320 233
2 0.036321323 190 0 314 239
3 0.035244785 190 0 314 239
3 0.035165068 150 46 320 187
12 0.030785266 206 25 302 198
19 0.027549695 190 0 314 239
21 0.026672099 245 23 320 206
18 0.022808643 245 23 320 206
19 0.022199776 240 20 320 215
8 0.02010167 245 23 320 206
19 0.019973598 150 46 320 187
3 0.016569993 245 23 320 206
4 0.015650699 190 0 314 239
15 0.015401709 206 25 302 198
20 0.014692935 207 25 302 152
17 0.014537253 190 0 314 239
15 0.014342749 240 0 320 238
18 0.013140081 207 25 302 152
