8 0.042925667 40 83 109 218
8 0.032835867 22 43 128 240
18 0.03070524 33 22 116 223
12 0.028085476 55 65 101 181
7 0.02206475 33 22 116 223
12 0.02153744 49 94 107 212
6 0.020808633 55 65 101 181
16 0.016766062 41 44 102 199
8 0.016131883 57 0 167 240
19 0.015835518 75 0 249 238
8 0.015481918 107 0 219 240
8 0.011656806 71 45 151 196
12 0.011358671 33 22 116 223
20 0.009649258 22 43 128 240
18 0.009480749 55 65 101 181
7 0.00936858 49 94 107 212
20 0.009240085 107 0 219 240
20 0.009028921 49 94 107 212
7 0.008905435 55 65 101 181
8 0.008801926 200 57 295 240
14 0.008706794 22 43 128 240
12 0.008681848 86 64 158 178
