2 0.21426816 187 80 245 165
2 0.115528725 213 69 279 173
12 0.11482883 187 80 245 165
12 0.07737236 182 37 233 203
2 0.06492341 182 37 233 203
4 0.062476393 187 80 245 165
20 0.049760744 182 37 233 203
2 0.049064163 189 100 238 202
4 0.04504682 182 37 233 203
2 0.04102278 213 26 265 212
20 0.036084138 187 80 245 165
12 0.034064613 213 69 279 173
4 0.032852523 213 69 279 173
12 0.0282133 189 100 238 202
4 0.027797714 213 26 265 212
12 0.026650392 213 26 265 212
7 0.018891877 182 37 233 203
20 0.017426735 213 26 265 212
12 0.015931541 183 47 246 136
5 0.015667547 213 26 265 212
2 0.015612719 183 47 246 136
8 0.015300023 182 37 233 203
7 0.015109776 187 80 245 165
8 0.014948573 213 26 265 212
7 0.013994661 213 26 265 212
5 0.013562895 182 37 233 203
