12 0.14768293 180 53 244 175
2 0.13473728 180 53 244 175
12 0.110316 213 55 269 171
2 0.067817055 213 55 269 171
5 0.05508146 180 53 244 175
19 0.033097997 185 31 228 197
5 0.031777043 213 55 269 171
7 0.031077718 180 53 244 175
6 0.029958315 180 53 244 175
2 0.028975403 215 16 256 213
6 0.028254589 213 55 269 171
12 0.028213743 215 16 256 213
20 0.024055734 180 53 244 175
7 0.023777861 213 55 269 171
6 0.021515356 215 16 256 213
5 0.018697115 215 16 256 213
8 0.0155449 185 31 228 197
4 0.015150855 180 53 244 175
7 0.013654981 215 16 256 213
8 0.013584491 213 55 269 171
19 0.013543436 215 16 256 213
