18 0.12524998 197 37 313 189
20 0.062582016 243 34 320 194
18 0.052723452 243 7 320 230
12 0.031148586 243 34 320 194
20 0.029242255 193 18 309 219
5 0.02263832 197 37 313 189
8 0.022530353 243 34 320 194
21 0.021520777 243 34 320 194
2 0.0197774 193 18 309 219
3 0.019483 193 18 309 219
5 0.019402139 243 7 320 230
19 0.0169659 243 34 320 194
4 0.016887937 243 34 320 194
13 0.016017666 243 34 320 194
21 0.015626565 204 9 298 168
3 0.013978358 243 34 320 194
4 0.013556346 193 18 309 219
2 0.01288146 243 34 320 194
19 0.012091797 193 18 309 219
15 0.011067113 243 34 320 194
