8 0.32005164 72 30 145 208
19 0.2716493 46 0 189 240
19 0.20728528 72 30 145 208
8 0.17775653 46 0 189 240
18 0.051271215 72 30 145 208
18 0.04461084 46 0 189 240
15 0.043610234 46 0 189 240
7 0.041959174 46 0 189 240
8 0.039204784 110 45 196 189
20 0.037399832 46 0 189 240
12 0.031099191 46 0 189 240
8 0.030878616 38 19 107 217
12 0.02975113 72 30 145 208
2 0.02617842 46 0 189 240
8 0.026114412 267 24 320 203
20 0.024113137 72 30 145 208
16 0.022261007 72 30 145 208
5 0.022106966 46 0 189 240
19 0.021853209 38 19 107 217
17 0.017505204 72 30 145 208
