12 0.07483701 52 55 101 188
8 0.049034942 29 45 128 240
8 0.04364643 46 86 102 211
18 0.03888391 38 34 119 212
7 0.036477778 38 34 119 212
8 0.035034876 62 21 161 240
18 0.032689314 52 55 101 188
20 0.026889306 49 53 93 193
7 0.026381232 49 53 93 193
12 0.025925897 38 34 119 212
12 0.025536846 80 79 148 219
20 0.024253916 38 34 119 212
4 0.021799482 38 34 119 212
16 0.02154929 46 86 102 211
8 0.01983993 77 79 134 225
5 0.018921314 38 34 119 212
6 0.017134339 52 55 101 188
4 0.017113477 52 55 101 188
20 0.0156903 62 21 161 240
20 0.015420136 54 84 107 214
16 0.014560923 80 79 148 219
20 0.013574844 77 79 134 225
