20 0.12320966 248 41 320 191
18 0.081573814 204 46 303 187
18 0.066831164 251 12 320 225
5 0.06540506 248 41 320 191
5 0.052647244 204 46 303 187
21 0.036162004 248 41 320 191
12 0.030054571 248 41 320 191
3 0.026171062 248 41 320 191
21 0.024423394 210 18 288 158
3 0.024086572 210 18 288 158
20 0.023672419 204 46 303 187
15 0.021703836 248 41 320 191
8 0.020311112 248 41 320 191
19 0.01957199 249 29 320 211
14 0.019404827 248 41 320 191
2 0.016229387 249 29 320 211
16 0.014579098 248 41 320 191
3 0.014492084 200 14 309 228
