20 0.06506665 193 0 314 240
20 0.060948364 244 28 320 201
21 0.060657978 204 28 304 196
12 0.049323916 244 28 320 201
3 0.047970776 193 0 314 240
2 0.04120141 193 0 314 240
3 0.040621337 149 45 320 186
19 0.03314722 193 0 314 240
18 0.032603905 185 0 320 235
19 0.02766217 241 20 320 216
21 0.022958513 238 0 320 236
3 0.021162353 244 28 320 201
8 0.019397937 244 28 320 201
19 0.018991238 149 45 320 186
18 0.018678546 244 28 320 201
15 0.016007973 238 0 320 236
15 0.015829284 204 28 304 196
12 0.014852089 193 0 314 240
19 0.014251584 205 29 302 151
17 0.013871057 193 0 314 240
