8 0.10300274 70 85 155 205
8 0.09029939 42 76 116 211
8 0.08653893 42 43 181 240
16 0.05526727 40 48 113 184
12 0.051198788 42 54 109 192
17 0.04926201 70 85 155 205
16 0.034117408 70 85 155 205
17 0.031924434 28 22 123 222
11 0.03128651 42 76 116 211
11 0.027732695 23 53 130 240
17 0.021796195 42 43 181 240
16 0.0209117 42 43 181 240
8 0.01916266 99 0 228 240
15 0.016588474 42 43 181 240
12 0.015771173 63 30 168 214
20 0.015111665 40 48 113 184
11 0.01506302 90 57 237 185
12 0.014029915 28 22 123 222
