8 0.20992665 239 22 320 218
12 0.17064606 239 20 320 205
20 0.08491467 244 20 320 211
17 0.05107556 244 20 320 211
8 0.035515755 205 33 312 147
11 0.031604398 239 22 320 218
6 0.030798994 239 20 320 205
18 0.029309368 239 20 320 205
19 0.026638798 221 44 320 189
16 0.026237197 239 22 320 218
4 0.023998579 239 20 320 205
17 0.020339156 184 36 320 192
21 0.019643622 239 22 320 218
12 0.019202892 206 20 300 156
14 0.019110002 244 20 320 211
8 0.018567586 182 0 320 240
15 0.018365089 239 22 320 218
