16 0.09785764 29 63 104 236
12 0.094573274 22 76 113 229
8 0.0816543 29 63 104 236
20 0.07876864 29 63 104 236
12 0.0706246 50 75 87 225
21 0.04623926 22 76 113 229
17 0.036347378 29 63 104 236
20 0.031212874 50 75 87 225
11 0.028511425 22 76 113 229
3 0.027699454 50 75 87 225
18 0.02646598 22 76 113 229
19 0.023317127 29 63 104 236
8 0.01676937 50 75 87 225
21 0.016033882 50 75 87 225
15 0.014842772 22 76 113 229
18 0.013836096 50 75 87 225
16 0.012478465 64 38 156 197
5 0.012004459 29 63 104 236
