2 0.24174422 183 83 245 165
12 0.10846987 183 83 245 165
2 0.10719462 213 71 277 174
12 0.07749039 177 35 233 207
2 0.071177684 177 35 233 207
4 0.06320921 183 83 245 165
20 0.055746738 177 35 233 207
20 0.046098284 183 83 245 165
4 0.043364532 177 35 233 207
2 0.03963772 208 33 268 208
2 0.035889395 186 103 240 202
12 0.027571738 213 71 277 174
12 0.022182489 208 33 268 208
4 0.02202523 213 71 277 174
4 0.020839851 208 33 268 208
2 0.018933885 179 44 246 140
7 0.01870221 182 60 249 180
20 0.01793881 208 33 268 208
6 0.017686013 183 83 245 165
12 0.017498095 186 103 240 202
12 0.017176038 179 44 246 140
5 0.016962385 177 35 233 207
5 0.016232127 208 33 268 208
8 0.01563678 177 35 233 207
6 0.014779036 213 71 277 174
13 0.013987819 183 83 245 165
4 0.01348087 179 44 246 140
20 0.013432668 213 71 277 174
