5 0.19611917 187 49 233 185
2 0.13844039 185 63 237 179
12 0.11656752 185 63 237 179
5 0.11606998 214 37 263 201
2 0.09964411 215 58 268 182
12 0.08413582 215 58 268 182
20 0.08402559 185 63 237 179
20 0.03716867 215 58 268 182
7 0.02482873 185 63 237 179
19 0.024500867 187 49 233 185
8 0.022919524 185 63 237 179
5 0.022851951 166 23 262 153
5 0.02245605 207 28 288 145
8 0.018819377 215 58 268 182
7 0.018721621 215 58 268 182
6 0.015966704 185 63 237 179
14 0.015882796 185 63 237 179
4 0.015662204 185 63 237 179
19 0.014413599 214 37 263 201
18 0.014278338 215 58 268 182
12 0.014190061 183 32 244 145
