20 0.31160966 30 27 96 214
20 0.2761904 5 8 119 233
16 0.113389306 30 27 96 214
16 0.10034054 5 8 119 233
12 0.068129644 5 8 119 233
20 0.06774798 0 13 65 230
12 0.06450834 39 41 84 197
17 0.05860089 5 8 119 233
8 0.04875538 30 27 96 214
17 0.047562007 30 27 96 214
20 0.043386146 82 0 154 181
21 0.039513364 5 8 119 233
12 0.032175463 0 13 65 230
8 0.02498913 0 13 65 230
8 0.024127783 5 8 119 233
16 0.023790812 0 13 65 230
11 0.01902908 5 8 119 233
16 0.018846236 63 0 166 190
20 0.018081367 3 52 45 193
17 0.017706662 82 0 154 181
20 0.017395286 115 0 200 154
