7 0.068916194 40 86 101 225
20 0.06784671 40 86 101 225
19 0.056112815 43 74 111 237
7 0.055972524 30 53 190 240
19 0.052450735 60 60 145 240
21 0.045955 30 53 190 240
12 0.034052297 51 93 103 222
6 0.031312615 43 74 111 237
6 0.030177906 72 78 142 236
19 0.027895495 0 73 236 233
21 0.023632174 40 86 101 225
18 0.020734217 43 74 111 237
16 0.02007854 40 86 101 225
6 0.019695457 186 68 227 240
20 0.01772745 60 60 145 240
6 0.015714562 180 104 241 203
13 0.01341251 72 78 142 236
13 0.01299283 43 74 111 237
18 0.012793698 72 78 142 236
