2 0.16075803 182 80 240 165
12 0.13750958 182 80 240 165
12 0.10662767 176 46 227 189
4 0.08121321 182 80 240 165
2 0.07522292 176 46 227 189
20 0.07167109 176 46 227 189
4 0.061881438 176 46 227 189
6 0.058812927 182 80 240 165
20 0.05114575 182 80 240 165
8 0.048317537 176 46 227 189
6 0.026065389 176 46 227 189
5 0.019765237 176 46 227 189
12 0.019468103 169 58 243 232
8 0.017221611 182 80 240 165
7 0.016253574 176 46 227 189
4 0.015442917 205 41 273 191
2 0.014783989 213 63 274 176
5 0.014131258 182 80 240 165
7 0.013924159 182 80 240 165
12 0.013771777 205 41 273 191
2 0.012443247 108 39 202 194
2 0.01184889 169 58 243 232
8 0.011827726 205 41 273 191
19 0.011734333 176 46 227 189
20 0.010131695 205 41 273 191
