12 0.07370564 50 55 103 189
8 0.068779275 36 38 120 207
7 0.055770785 36 38 120 207
8 0.05195206 44 85 104 213
8 0.046026904 60 23 162 240
7 0.03950576 48 51 95 196
18 0.037734203 36 38 120 207
18 0.032719333 50 55 103 189
12 0.029985867 36 38 120 207
12 0.02831419 79 77 151 220
20 0.02777532 48 51 95 196
5 0.025760224 36 38 120 207
20 0.024918403 36 38 120 207
8 0.024823934 76 75 136 228
16 0.020639101 52 82 108 217
5 0.018892355 63 10 166 225
6 0.018160261 50 55 103 189
19 0.016811125 36 38 120 207
5 0.016631374 48 51 95 196
4 0.016346863 50 55 103 189
4 0.016182382 36 38 120 207
7 0.015799839 63 10 166 225
20 0.015634382 60 23 162 240
16 0.01555741 79 77 151 220
