8 0.07670319 40 36 185 240
8 0.074831 65 87 162 202
8 0.054365292 39 78 119 211
8 0.042928506 28 7 124 237
16 0.040380046 37 49 118 183
17 0.040070977 65 87 162 202
16 0.029715408 28 7 124 237
16 0.029466532 65 87 162 202
16 0.027020862 40 36 185 240
12 0.024682082 41 52 111 195
17 0.020872299 28 7 124 237
17 0.020439299 58 17 171 225
17 0.019319223 37 49 118 183
11 0.017795118 39 78 119 211
8 0.017366676 100 0 228 240
11 0.015826173 100 50 225 193
11 0.015123866 17 45 134 240
15 0.014299329 40 36 185 240
17 0.012646489 110 50 216 187
12 0.011024793 64 42 171 205
