2 0.10607251 177 71 236 164
6 0.10459884 177 71 236 164
4 0.09747432 177 71 236 164
12 0.07198707 177 71 236 164
8 0.06310262 177 71 236 164
7 0.03347278 177 71 236 164
5 0.031431984 180 42 228 189
20 0.023688814 180 42 228 189
6 0.023400873 170 42 240 137
19 0.021186475 180 42 228 189
8 0.014320609 185 98 230 199
4 0.012638786 170 42 240 137
2 0.01221109 185 98 230 199
18 0.01184155 180 42 228 189
2 0.01055565 118 38 192 194
12 0.010524581 170 42 240 137
13 0.010229403 177 71 236 164
4 0.009627618 185 98 230 199
2 0.0094278725 203 32 278 196
12 0.009294058 185 98 230 199
