18 0.06369683 30 34 109 211
8 0.03195437 38 89 110 212
6 0.030679746 55 71 101 173
7 0.02683542 30 34 109 211
12 0.020401603 39 54 99 187
8 0.018464858 24 42 122 240
18 0.017488288 55 71 101 173
7 0.015351984 55 71 101 173
17 0.014124844 39 54 99 187
13 0.013674432 30 34 109 211
12 0.012498851 51 97 108 208
19 0.011355504 109 0 309 221
14 0.009940678 30 34 109 211
8 0.009834902 40 22 177 240
16 0.009241311 51 97 108 208
7 0.009168389 51 97 108 208
8 0.009089687 202 63 292 240
2 0.009063481 30 34 109 211
21 0.008876651 39 54 99 187
11 0.008637251 39 54 99 187
6 0.008587131 48 43 96 135
8 0.008488872 106 0 216 240
19 0.008401314 30 34 109 211
