19 0.10962147 65 47 140 240
21 0.10371757 65 47 140 240
6 0.04826605 78 70 143 240
20 0.04696779 48 45 105 240
20 0.041858897 78 70 143 240
21 0.038517553 40 60 189 240
19 0.037231565 39 63 102 240
21 0.034830276 39 63 102 240
6 0.03228471 189 61 232 240
6 0.031421613 175 99 246 210
7 0.029294351 56 12 161 240
20 0.026507335 189 61 232 240
12 0.024788452 78 70 143 240
17 0.02066954 78 70 143 240
20 0.020482043 218 43 283 240
6 0.017068736 39 63 102 240
12 0.017054334 48 45 105 240
17 0.016922958 189 61 232 240
16 0.016821092 78 70 143 240
