2 0.23090363 184 83 240 163
12 0.16544117 184 83 240 163
12 0.12935884 177 46 228 193
4 0.10084804 184 83 240 163
4 0.09453888 177 46 228 193
2 0.07482142 177 46 228 193
20 0.040303413 177 46 228 193
2 0.038625903 215 72 273 170
8 0.033945195 177 46 228 193
12 0.032242823 190 99 238 203
2 0.028870806 190 99 238 203
4 0.02831501 205 42 272 194
12 0.028136749 215 72 273 170
20 0.026881395 184 83 240 163
6 0.023485826 184 83 240 163
12 0.021964794 165 62 246 230
6 0.019862503 177 46 228 193
19 0.0153947435 177 46 228 193
5 0.015143012 177 46 228 193
12 0.014920945 167 6 240 170
2 0.014789456 167 6 240 170
2 0.01474564 223 97 278 207
4 0.012947651 167 6 240 170
2 0.011861474 108 32 199 202
2 0.011616774 210 32 289 204
2 0.010875417 176 73 255 225
12 0.010408207 205 66 286 226
7 0.010340157 177 46 228 193
