18 0.08544822 185 49 320 173
3 0.037743628 187 12 314 225
18 0.03669369 174 0 320 240
20 0.032001544 238 39 320 187
20 0.03133101 187 12 314 225
19 0.027909942 187 12 314 225
17 0.026090123 187 12 314 225
21 0.022686295 194 30 310 133
12 0.02160432 238 39 320 187
4 0.017794514 187 12 314 225
21 0.015640402 187 12 314 225
3 0.014718582 194 30 310 133
8 0.01303785 238 39 320 187
20 0.012077358 194 30 310 133
21 0.011997503 238 39 320 187
8 0.011726668 187 12 314 225
14 0.01124258 167 31 320 202
12 0.010165649 187 12 314 225
18 0.009715355 210 6 294 107
