18 0.19168319 208 45 291 188
18 0.16372819 253 34 320 197
18 0.08888895 188 30 319 211
20 0.051137522 253 34 320 197
5 0.038978077 253 34 320 197
14 0.036193978 253 34 320 197
5 0.034624465 208 45 291 188
15 0.028494967 253 34 320 197
21 0.02227298 253 34 320 197
3 0.02157274 253 34 320 197
2 0.019067122 249 24 320 219
3 0.016181258 209 13 286 164
21 0.015291971 209 13 286 164
5 0.014887919 188 30 319 211
19 0.014285442 249 24 320 219
20 0.013801008 208 45 291 188
18 0.012628148 167 72 255 231
18 0.012250791 199 102 304 201
