19 0.044226907 82 67 139 240
19 0.039448407 52 26 160 240
21 0.030887825 67 38 142 240
7 0.019067695 52 26 160 240
21 0.019038621 4 57 123 240
6 0.018758323 82 67 139 240
6 0.016414965 179 98 244 213
19 0.015886994 4 57 123 240
19 0.012822672 44 44 103 240
21 0.0125456555 39 72 180 240
6 0.0124092 176 72 235 170
21 0.010828905 40 44 99 240
20 0.010365827 215 52 281 240
13 0.009991472 62 40 147 194
17 0.009750953 52 26 160 240
21 0.009678733 86 70 131 240
20 0.009173297 44 44 103 240
6 0.008903903 215 52 281 240
20 0.0081243925 78 107 147 240
17 0.007906585 185 57 234 240
17 0.007896632 215 52 281 240
20 0.007552472 185 57 234 240
