2 0.16876836 182 82 231 164
6 0.11050441 182 82 231 164
8 0.07383937 182 82 231 164
4 0.07333434 182 82 231 164
2 0.05112107 173 57 242 179
12 0.03728975 182 82 231 164
5 0.03528935 181 48 228 191
7 0.034637343 182 82 231 164
18 0.031016111 181 48 228 191
4 0.024938509 173 57 242 179
20 0.02408343 181 48 228 191
2 0.019715996 113 51 198 185
7 0.016677631 173 57 242 179
2 0.013447567 206 45 280 188
19 0.012939076 181 48 228 191
8 0.012672826 173 57 242 179
8 0.011994874 215 63 274 176
2 0.008626952 115 3 213 240
18 0.007962179 206 45 280 188
5 0.0077491193 206 45 280 188
