18 0.06492056 33 23 115 223
18 0.04331136 41 55 100 188
8 0.033037037 37 89 108 212
12 0.029902693 56 52 98 191
7 0.029133553 41 55 100 188
7 0.028782895 33 23 115 223
8 0.022286458 25 40 126 240
6 0.02107938 56 52 98 191
14 0.01513382 33 23 115 223
12 0.014997627 37 89 108 212
8 0.014755021 47 16 176 240
16 0.014637564 37 89 108 212
17 0.014261752 41 55 100 188
14 0.011117981 41 55 100 188
8 0.009943983 100 0 226 240
20 0.00916446 41 55 100 188
11 0.009079281 41 55 100 188
19 0.008916912 74 0 253 232
20 0.008875811 33 23 115 223
8 0.008405837 67 100 149 205
12 0.008403579 83 53 151 189
