20 0.052699752 23 27 102 220
16 0.016902927 130 63 208 240
20 0.016521066 75 73 251 240
20 0.013581368 0 27 61 217
8 0.013125767 27 34 104 213
11 0.012417867 27 34 104 213
16 0.011711753 36 60 109 240
16 0.0113944225 0 72 67 236
16 0.010790155 87 124 163 240
20 0.010378855 25 24 203 223
8 0.010367601 87 124 163 240
8 0.010095247 75 73 251 240
20 0.010002559 37 11 86 154
20 0.009454882 44 112 110 240
17 0.00944258 126 71 213 240
17 0.009400948 83 76 165 240
16 0.008776589 159 60 248 240
20 0.008719214 87 124 163 240
