14 0.078607954 79 55 320 189
14 0.07539195 166 27 252 217
19 0.04848835 166 27 252 217
20 0.046548747 146 0 271 240
19 0.04354632 79 55 320 189
16 0.03899992 166 27 252 217
14 0.03622738 146 90 320 219
20 0.029197572 165 39 255 203
19 0.025749464 146 90 320 219
19 0.025257114 206 70 297 237
16 0.025186144 79 55 320 189
14 0.023355959 206 70 297 237
16 0.023164455 204 21 297 222
17 0.021638969 166 27 252 217
20 0.020975193 168 63 320 239
5 0.016963806 146 0 271 240
21 0.015688991 79 55 320 189
16 0.014097538 168 63 320 239
20 0.013942812 204 21 297 222
