14 0.096596144 167 27 258 211
20 0.07771795 167 27 258 211
14 0.07522592 63 55 320 189
19 0.056687266 167 27 258 211
19 0.05488987 63 55 320 189
16 0.040461116 167 27 258 211
19 0.034016993 212 16 300 224
9 0.030879224 167 27 258 211
20 0.028471515 180 0 316 240
21 0.02683798 63 55 320 189
17 0.023310952 167 27 258 211
16 0.02315784 212 16 300 224
10 0.02077207 167 27 258 211
6 0.01936206 136 0 188 114
17 0.014551555 63 55 320 189
16 0.012865172 172 68 320 235
9 0.0127666965 63 55 320 189
16 0.012661349 63 55 320 189
14 0.012258355 212 16 300 224
11 0.012021047 141 0 273 240
7 0.011668759 167 27 258 211
10 0.011077145 63 55 320 189
17 0.011013942 212 16 300 224
15 0.010669134 141 0 273 240
