14 0.106384404 164 38 257 200
14 0.09642942 101 57 314 183
19 0.090748854 155 51 320 189
16 0.06395193 202 8 302 231
16 0.05348847 155 51 320 189
19 0.03468839 202 8 302 231
20 0.030921048 148 0 268 240
20 0.030666502 169 27 249 208
16 0.029310873 148 0 268 240
16 0.025831077 240 66 320 240
19 0.023174597 148 0 268 240
11 0.02265171 148 0 268 240
19 0.019626593 90 92 320 216
21 0.01935723 101 57 314 183
17 0.016684221 164 38 257 200
9 0.015449945 164 38 257 200
14 0.015264335 152 87 320 221
8 0.01515495 240 66 320 240
14 0.014761988 3 54 227 192
20 0.014481646 202 8 302 231
14 0.0144594405 202 8 302 231
