20 0.26760536 80 77 154 230
19 0.12687005 85 64 146 240
13 0.07709821 93 73 141 240
21 0.061778255 80 77 154 230
12 0.052307203 85 64 146 240
10 0.050335784 80 77 154 230
10 0.028866975 46 70 111 240
3 0.02291708 85 64 146 240
16 0.022503018 80 77 154 230
21 0.021913849 43 19 190 240
18 0.021638079 85 64 146 240
20 0.021404663 46 70 111 240
8 0.019903922 93 73 141 240
4 0.014960087 80 77 154 230
12 0.01494441 51 80 108 227
7 0.013675592 80 77 154 230
19 0.013000194 64 28 165 221
13 0.01150576 277 126 320 240
