19 0.12793711 168 32 247 207
14 0.086797945 168 32 247 207
19 0.064466916 110 32 303 204
14 0.061287913 40 51 282 193
20 0.057643127 160 5 259 240
16 0.047576755 168 32 247 207
21 0.042067464 110 32 303 204
21 0.035141066 168 32 247 207
14 0.028424062 110 24 218 218
16 0.025409238 110 32 303 204
17 0.021174097 168 32 247 207
14 0.01854891 152 33 320 203
7 0.018475832 110 32 303 204
9 0.017284947 110 32 303 204
9 0.017019521 168 32 247 207
14 0.014247984 199 4 301 238
5 0.013085545 160 5 259 240
14 0.012849296 19 106 297 240
14 0.0108962 0 47 163 203
7 0.010506588 168 32 247 207
