20 0.48969692 150 21 179 219
12 0.17457327 148 38 179 196
6 0.14397973 148 38 179 196
20 0.10162776 142 2 173 178
21 0.047263373 125 2 188 172
20 0.03564164 133 51 183 240
12 0.030875085 133 51 183 240
21 0.024293242 151 17 177 169
20 0.022877308 125 2 188 172
20 0.021669654 95 60 144 172
16 0.0171871 136 37 183 191
20 0.016627856 181 5 224 226
6 0.014219378 133 51 183 240
4 0.013474798 148 38 179 196
7 0.013074224 136 37 183 191
4 0.01277504 133 51 183 240
12 0.012582834 97 103 143 197
11 0.012342424 25 3 120 170
12 0.011917783 55 106 101 200
