20 0.4464044 86 79 154 236
20 0.1509151 150 29 252 223
12 0.12141131 77 75 164 232
20 0.07404271 98 85 125 221
20 0.06901127 102 81 193 229
12 0.050256662 98 85 125 221
8 0.044933785 98 85 125 221
20 0.031952903 96 5 226 240
17 0.030715734 77 75 164 232
20 0.030554196 62 39 162 216
8 0.029630553 77 75 164 232
21 0.029240092 161 6 252 239
12 0.027633816 153 58 252 198
16 0.0274756 161 6 252 239
21 0.024392707 76 44 162 240
11 0.022342514 98 85 125 221
16 0.022300297 16 74 212 234
11 0.020312764 86 79 154 236
16 0.019362826 76 44 162 240
19 0.018297147 77 75 164 232
