20 0.4700939 149 20 180 221
12 0.17413665 149 42 179 193
6 0.17120545 149 42 179 193
20 0.0984288 142 6 173 174
21 0.047656592 124 1 190 171
6 0.041782174 142 6 173 174
20 0.03727384 130 54 184 240
12 0.033617835 130 54 184 240
12 0.032759253 142 6 173 174
21 0.029207451 150 15 178 171
20 0.021563541 95 63 144 169
16 0.020556852 149 20 180 221
20 0.020195393 124 1 190 171
6 0.018790849 130 54 184 240
4 0.018582232 149 42 179 193
20 0.015388895 181 12 223 220
7 0.014921826 136 37 183 191
4 0.013929456 130 54 184 240
6 0.012179329 97 106 141 193
11 0.011542541 29 2 118 169
17 0.01134047 124 1 190 171
17 0.011329426 150 15 178 171
