14 0.22345598 162 9 261 226
14 0.17398444 78 51 320 187
16 0.0551723 162 9 261 226
17 0.04859885 162 9 261 226
20 0.04744397 162 9 261 226
21 0.041640703 78 51 320 187
19 0.04099601 123 0 292 240
19 0.035677906 78 51 320 187
19 0.031555172 206 13 306 224
9 0.029934498 162 9 261 226
16 0.027132085 206 13 306 224
16 0.024586976 78 51 320 187
14 0.024428984 206 13 306 224
10 0.022029635 162 9 261 226
17 0.02100542 78 51 320 187
9 0.016839864 78 51 320 187
21 0.016440194 162 9 261 226
11 0.014786434 162 9 261 226
15 0.013881226 78 51 320 187
8 0.0136093795 237 74 320 233
6 0.013553932 133 0 192 117
20 0.013377257 206 13 306 224
7 0.01250468 162 9 261 226
15 0.012366058 162 9 261 226
