14 0.05280252 164 28 252 216
20 0.05199746 143 6 276 240
16 0.049265385 164 28 252 216
14 0.04666751 68 55 320 187
19 0.046043105 68 55 320 187
19 0.040881306 164 28 252 216
20 0.036733847 164 38 255 204
17 0.024916898 164 28 252 216
16 0.024849525 68 55 320 187
16 0.02202109 200 15 303 230
20 0.020686751 179 73 320 230
5 0.014678039 164 28 252 216
21 0.014460402 68 55 320 187
11 0.013811081 143 6 276 240
19 0.01368132 144 93 320 215
17 0.013188846 68 55 320 187
20 0.013163087 251 54 320 240
9 0.013124687 164 28 252 216
