20 0.47112283 86 77 156 235
20 0.12247049 150 35 258 219
20 0.1129921 107 70 194 236
12 0.10975109 74 70 165 237
20 0.0625651 99 82 130 222
17 0.061557304 74 70 165 237
21 0.049611375 73 50 162 240
12 0.044399206 99 82 130 222
21 0.02824139 159 0 251 240
20 0.028171394 192 18 293 235
8 0.026785197 86 77 156 235
16 0.026340846 111 0 303 240
16 0.025951931 73 50 162 240
16 0.025703203 24 58 207 240
19 0.025305191 74 70 165 237
8 0.023868443 99 82 130 222
11 0.023379697 86 77 156 235
20 0.022521302 57 37 165 217
16 0.020203447 159 0 251 240
21 0.018288856 24 58 207 240
20 0.018175216 16 64 126 238
