20 0.37172383 149 32 180 200
12 0.17054135 149 32 180 200
21 0.04755274 126 13 183 158
6 0.039803576 149 32 180 200
12 0.038978215 137 38 176 240
20 0.035943206 137 38 176 240
21 0.025182944 153 7 176 178
20 0.02145836 126 13 183 158
7 0.018447584 134 33 181 192
20 0.018117795 104 57 147 173
12 0.015551511 98 95 147 200
20 0.015514211 182 5 221 227
16 0.012988151 134 33 181 192
4 0.012386337 137 38 176 240
12 0.011369109 136 124 193 240
12 0.010842757 89 129 147 238
12 0.009531318 126 13 183 158
20 0.009454763 99 19 136 148
