19 0.3172219 54 40 171 240
20 0.23057958 83 75 140 226
20 0.17139147 45 86 172 226
17 0.110304445 0 81 255 235
19 0.09697381 0 81 255 235
16 0.047355976 45 86 172 226
20 0.042689923 65 76 253 240
19 0.037185375 83 75 140 226
20 0.033429977 127 80 199 221
20 0.03211537 34 80 107 222
19 0.03134693 11 25 133 240
17 0.029624302 54 40 171 240
12 0.021936208 45 86 172 226
16 0.02076111 83 75 140 226
12 0.020483168 83 75 140 226
20 0.018350096 11 25 133 240
20 0.015970837 55 63 153 188
12 0.014276226 34 80 107 222
19 0.0137736155 133 61 281 240
16 0.013468771 22 82 120 232
12 0.013228777 11 25 133 240
