20 0.49077973 149 25 180 218
12 0.20547408 148 36 180 198
6 0.19247736 148 36 180 198
20 0.07051239 141 1 174 178
21 0.065544695 123 0 191 172
20 0.047147345 132 56 189 240
12 0.04105973 132 56 189 240
21 0.03315904 148 14 176 173
17 0.022483308 148 14 176 173
17 0.02222868 123 0 191 172
20 0.021840172 123 0 191 172
16 0.021501755 137 40 182 186
20 0.020044014 91 61 145 170
6 0.019555446 132 56 189 240
4 0.018849995 148 36 180 198
6 0.017434232 91 61 145 170
20 0.016803445 184 24 223 216
16 0.016803378 123 0 191 172
7 0.014490607 137 40 182 186
