20 0.47241098 149 23 183 217
12 0.17990932 144 43 178 192
6 0.117279515 144 43 178 192
20 0.06899978 141 25 174 152
21 0.049262602 121 0 189 177
12 0.045741167 131 38 186 240
20 0.025980977 121 0 189 177
21 0.025152586 150 9 178 174
17 0.022810888 150 9 178 174
16 0.021588247 149 23 183 217
20 0.021005075 90 64 147 168
17 0.020621406 121 0 189 177
20 0.018723538 179 22 218 211
4 0.018398875 144 43 178 192
12 0.01679767 88 98 147 199
12 0.01649668 121 0 189 177
7 0.015120299 136 27 184 199
20 0.014557344 79 76 143 219
