20 0.41086432 83 85 161 229
20 0.3122153 96 69 203 240
8 0.13496405 73 83 172 223
11 0.118627235 83 85 161 229
8 0.098446354 96 69 203 240
8 0.09747954 97 86 130 215
20 0.08595255 97 86 130 215
12 0.073533766 73 83 172 223
11 0.06967125 102 89 195 220
16 0.05489927 102 89 195 220
8 0.05223205 130 82 165 217
11 0.04928293 97 86 130 215
12 0.043471605 96 69 203 240
16 0.039032627 83 85 161 229
17 0.035599712 73 83 172 223
20 0.03549626 150 0 250 240
17 0.025044445 96 69 203 240
8 0.023713414 86 122 116 235
