14 0.14937745 169 28 247 216
14 0.11043911 81 52 320 193
16 0.048267804 169 28 247 216
20 0.04574133 146 5 265 240
17 0.03914881 169 28 247 216
19 0.035141848 169 28 247 216
14 0.031128231 194 5 303 236
5 0.028099518 146 5 265 240
16 0.026599657 81 52 320 193
11 0.02437798 146 5 265 240
14 0.020226264 0 65 256 179
17 0.019996036 130 53 285 240
19 0.019077377 81 52 320 193
21 0.01717637 81 52 320 193
7 0.017035788 81 52 320 193
14 0.016720118 11 90 305 217
17 0.015743945 257 66 320 237
3 0.014523968 146 5 265 240
12 0.014197987 169 28 247 216
16 0.013927909 181 20 318 223
8 0.013335905 169 28 247 216
