20 0.34614477 86 74 155 238
20 0.16164093 107 78 188 230
11 0.14645416 86 74 155 238
20 0.09798609 167 0 242 240
12 0.09467324 72 76 166 232
11 0.08099288 99 77 129 226
20 0.07342321 99 77 129 226
8 0.058353364 72 76 166 232
20 0.053351134 106 0 219 240
8 0.05310369 99 77 129 226
16 0.038595922 72 76 166 232
11 0.0382696 107 78 188 230
12 0.032093544 99 77 129 226
17 0.029675113 72 76 166 232
20 0.028756095 60 3 175 240
8 0.026101118 107 78 188 230
16 0.02602016 151 14 240 234
21 0.025330208 72 76 166 232
20 0.02060392 134 73 261 240
16 0.020444525 107 78 188 230
