20 0.34696615 150 36 180 196
12 0.18125041 150 36 180 196
20 0.09772557 145 16 173 161
6 0.05747188 150 36 180 196
12 0.05711915 145 77 189 212
12 0.049945556 139 36 175 240
12 0.046754092 145 16 173 161
21 0.04428542 125 12 184 157
20 0.039124932 139 36 175 240
6 0.03011497 145 16 173 161
20 0.026845569 145 77 189 212
7 0.026478713 133 31 182 192
21 0.025637664 152 2 175 183
4 0.023568071 139 36 175 240
20 0.01925324 125 12 184 157
16 0.017267264 133 31 182 192
20 0.016707854 182 5 221 227
12 0.015957426 98 97 147 200
20 0.015850931 103 60 148 171
12 0.013104685 135 131 194 236
16 0.011300484 150 6 175 233
12 0.0112019805 178 64 225 234
12 0.011155344 88 135 148 234
17 0.010717579 152 2 175 183
