20 0.15071906 25 50 96 193
20 0.059162855 0 62 65 240
16 0.037646666 0 62 65 240
20 0.028790407 0 7 60 174
16 0.025312467 117 100 206 240
16 0.020900005 25 50 96 193
16 0.020527538 91 116 157 240
20 0.019022608 0 44 40 188
20 0.017789831 28 6 119 170
20 0.017753595 11 48 130 240
17 0.017021954 77 69 174 240
16 0.016294012 77 69 174 240
20 0.01590536 91 116 157 240
21 0.015815783 33 16 91 155
8 0.015632492 0 62 65 240
20 0.014398294 77 69 174 240
8 0.014241874 37 54 79 180
20 0.012886514 124 26 269 223
17 0.012469222 35 16 97 169
20 0.012199911 117 100 206 240
20 0.012079815 188 14 316 231
