14 0.15628858 168 23 246 222
14 0.0886933 101 48 320 198
20 0.044217434 157 15 260 234
16 0.03491578 168 23 246 222
5 0.03310793 157 15 260 234
19 0.026764318 168 23 246 222
21 0.021781377 101 48 320 198
17 0.021527208 157 15 260 234
16 0.021291962 101 48 320 198
14 0.017007448 27 97 294 211
14 0.016364144 206 3 291 240
21 0.015876008 157 15 260 234
7 0.015359101 101 48 320 198
19 0.01491858 101 48 320 198
11 0.0135914935 157 15 260 234
18 0.012342269 168 23 246 222
14 0.011999923 109 13 218 239
3 0.01183366 157 15 260 234
9 0.010768417 101 48 320 198
