14 0.10448117 170 33 255 206
14 0.068025455 68 60 320 183
19 0.05464705 142 62 320 185
19 0.05370609 214 25 295 213
19 0.052932777 170 33 255 206
20 0.052686132 170 33 255 206
19 0.047138304 142 0 274 240
20 0.038658164 184 0 311 240
16 0.033852268 214 25 295 213
16 0.029323699 170 33 255 206
9 0.028581137 170 33 255 206
21 0.02433502 68 60 320 183
16 0.021842485 175 66 320 240
10 0.021588633 170 33 255 206
14 0.017872242 214 25 295 213
6 0.016924597 131 0 193 114
4 0.016572846 209 78 298 228
8 0.016445471 241 67 320 240
16 0.015844379 142 0 274 240
20 0.014544471 241 67 320 240
7 0.014310487 170 33 255 206
17 0.014211683 142 0 274 240
17 0.014115717 170 33 255 206
20 0.013745925 209 75 300 223
9 0.013089844 142 0 274 240
