14 0.1894532 168 38 258 203
14 0.1354839 92 53 320 186
19 0.042408 148 50 320 192
14 0.040307734 205 23 302 216
16 0.029454395 205 23 302 216
20 0.026666151 151 0 271 240
20 0.025712324 190 52 316 240
20 0.02569278 178 33 245 200
19 0.024438983 151 0 271 240
19 0.02391271 205 23 302 216
16 0.022721654 148 50 320 192
21 0.02262117 92 53 320 186
16 0.018850695 151 0 271 240
7 0.016611703 92 53 320 186
17 0.015684374 205 23 302 216
9 0.015640069 168 38 258 203
11 0.01544606 151 0 271 240
20 0.015257225 244 71 320 233
17 0.015250733 151 0 271 240
15 0.015040887 92 53 320 186
8 0.012618903 244 71 320 233
