20 0.26943025 148 38 178 195
12 0.1992759 148 38 178 195
6 0.15295221 148 38 178 195
20 0.08794073 130 22 184 201
12 0.041409016 130 22 184 201
7 0.03172242 130 22 184 201
21 0.022941705 116 8 194 160
21 0.015163153 154 0 174 190
4 0.014806895 130 22 184 201
6 0.014794255 130 22 184 201
4 0.014523938 151 16 174 222
20 0.01328244 179 0 225 230
7 0.011036164 151 16 174 222
20 0.010090537 95 63 146 171
6 0.008833268 95 63 146 171
2 0.008675507 148 38 178 195
12 0.008349092 91 105 141 195
12 0.008206121 180 71 219 227
6 0.0073207538 91 105 141 195
