14 0.21534309 164 5 260 231
14 0.16257915 80 51 320 186
16 0.05614727 164 5 260 231
17 0.053426623 164 5 260 231
20 0.042605694 164 5 260 231
21 0.040732402 80 51 320 186
19 0.03940359 80 51 320 186
19 0.03851338 164 5 260 231
9 0.033101875 164 5 260 231
19 0.03247826 206 13 306 224
16 0.027017688 206 13 306 224
16 0.0264353 80 51 320 186
17 0.02389553 80 51 320 186
10 0.021956269 164 5 260 231
14 0.020497218 206 13 306 224
9 0.020230334 80 51 320 186
21 0.016906962 164 5 260 231
15 0.016258912 80 51 320 186
11 0.0155709 164 5 260 231
15 0.015248347 164 5 260 231
6 0.014786236 134 0 191 116
7 0.014293767 164 5 260 231
8 0.013622436 234 68 320 239
17 0.013004878 206 13 306 224
7 0.012532978 80 51 320 186
10 0.011958265 80 51 320 186
