20 0.5068578 87 78 154 236
20 0.12563129 164 0 241 240
12 0.1149228 68 79 173 229
20 0.096707076 111 78 186 232
20 0.09570158 98 80 130 224
8 0.063995205 98 80 130 224
11 0.049401317 98 80 130 224
8 0.049257617 68 79 173 229
11 0.045978267 87 78 154 236
12 0.03883589 98 80 130 224
21 0.034163225 75 50 159 240
20 0.03385486 62 2 172 240
20 0.03230564 107 16 216 233
20 0.028964542 138 86 263 228
16 0.02383764 68 79 173 229
17 0.021919865 68 79 173 229
16 0.019468833 128 5 280 240
21 0.018801598 27 88 199 219
21 0.01719553 164 0 241 240
16 0.017114634 164 0 241 240
20 0.016875442 23 56 119 240
