20 0.024710756 34 47 95 197
16 0.016504228 116 109 213 240
20 0.01390298 0 69 61 237
17 0.01313905 115 82 216 240
8 0.012625442 116 109 213 240
20 0.011158994 45 61 81 179
21 0.010432323 39 32 91 145
8 0.009998575 87 115 165 240
11 0.00977303 34 47 95 197
11 0.009661389 45 61 81 179
16 0.00943562 193 35 312 203
20 0.008953895 193 35 312 203
16 0.008917033 34 47 95 197
16 0.008514123 87 115 165 240
16 0.008459812 165 44 242 240
17 0.008175639 75 81 178 240
20 0.008035893 75 81 178 240
16 0.008007528 0 69 61 237
8 0.007770325 193 35 312 203
16 0.0076299007 45 61 81 179
20 0.00713333 0 43 149 199
20 0.006937121 116 109 213 240
