20 0.15189166 189 0 309 240
20 0.08506734 217 0 275 238
19 0.0692532 189 0 309 240
14 0.06399384 215 0 286 240
15 0.04970337 189 0 309 240
21 0.040563785 189 0 309 240
17 0.037184376 189 0 309 240
15 0.036017265 217 0 275 238
14 0.028995585 57 48 320 198
13 0.023355786 189 0 309 240
14 0.022825439 170 7 247 234
10 0.021369614 189 0 309 240
21 0.020999365 217 0 275 238
12 0.020153407 189 0 309 240
16 0.01931334 189 0 309 240
18 0.019157661 189 0 309 240
4 0.019003924 189 0 309 240
8 0.01813279 189 0 309 240
11 0.017974751 189 0 309 240
12 0.016701667 217 0 275 238
16 0.014550833 217 0 275 238
17 0.013337958 217 0 275 238
7 0.012931046 189 0 309 240
9 0.012759022 189 0 309 240
