20 0.32672155 152 37 178 196
12 0.20738655 152 37 178 196
20 0.12607917 132 25 183 199
20 0.08739309 147 15 173 163
12 0.0661917 143 85 192 206
12 0.062420815 132 25 183 199
6 0.059263628 152 37 178 196
12 0.04880093 147 15 173 163
21 0.03793412 126 11 185 158
6 0.03394964 147 15 173 163
7 0.03388659 132 25 183 199
21 0.027163137 154 0 175 185
4 0.019765345 138 23 174 240
20 0.01862373 143 85 192 206
12 0.017916419 100 97 146 201
16 0.017738754 132 25 183 199
20 0.015181331 105 59 145 173
12 0.015168107 85 72 134 226
20 0.013737937 182 4 221 227
16 0.012468111 152 7 174 231
12 0.012442863 176 62 221 236
17 0.0111458665 126 11 185 158
12 0.010560962 137 132 195 235
12 0.010050037 94 134 146 236
