19 0.14151534 168 35 248 205
14 0.07665026 168 35 248 205
20 0.06572221 158 5 260 240
14 0.06332648 39 49 284 195
19 0.06182828 110 29 303 207
16 0.048837706 168 35 248 205
21 0.044587612 110 29 303 207
21 0.03521366 168 35 248 205
16 0.026844764 110 29 303 207
14 0.026761916 112 25 218 216
17 0.020265788 168 35 248 205
14 0.019002825 91 79 320 221
9 0.017613035 110 29 303 207
19 0.016474323 145 59 268 240
7 0.016227521 110 29 303 207
9 0.016101096 168 35 248 205
14 0.012466818 198 0 303 240
5 0.012281539 158 5 260 240
14 0.011934157 145 59 268 240
8 0.011395272 168 35 248 205
