20 0.3882339 149 37 181 195
12 0.17074543 149 37 181 195
20 0.09809735 145 13 173 164
6 0.052191403 149 37 181 195
12 0.049744423 143 72 190 217
12 0.046468828 145 13 173 164
21 0.04294481 124 9 183 161
20 0.03675919 136 42 177 240
12 0.03464467 136 42 177 240
20 0.027416404 143 72 190 217
21 0.023642696 151 5 175 181
20 0.023537442 124 9 183 161
6 0.021101905 145 13 173 164
20 0.020842608 104 59 146 171
7 0.018121975 133 29 180 195
20 0.016641095 182 10 223 222
12 0.015076053 98 97 147 197
4 0.014728819 136 42 177 240
16 0.011976873 133 29 180 195
6 0.010911417 143 72 190 217
12 0.010469079 89 131 146 237
20 0.010438906 100 21 136 147
12 0.0099321725 136 125 191 240
12 0.009607168 124 9 183 161
