20 0.20796289 31 62 94 189
16 0.057707533 31 62 94 189
17 0.04828828 40 37 93 203
16 0.044338908 119 92 206 240
20 0.042126182 20 32 120 209
20 0.041194014 0 72 67 235
16 0.039192032 0 72 67 235
8 0.036065437 41 51 84 186
20 0.034679335 42 21 97 157
17 0.0283917 79 66 173 240
17 0.027637517 115 77 213 240
6 0.025760805 41 51 84 186
11 0.022390457 40 37 93 203
16 0.022327837 89 113 161 240
21 0.020122899 40 37 93 203
17 0.018789148 0 28 62 240
20 0.018222978 0 41 44 193
17 0.017685037 210 112 311 240
