20 0.09423711 178 3 318 240
14 0.059051443 218 0 289 240
20 0.04642145 213 0 279 240
21 0.03748368 178 3 318 240
17 0.037181947 178 3 318 240
19 0.03606928 178 3 318 240
14 0.03001057 172 11 249 228
15 0.02910992 178 3 318 240
12 0.028489985 178 3 318 240
14 0.028058004 58 58 320 187
18 0.024923967 178 3 318 240
13 0.022989562 178 3 318 240
4 0.022573603 178 3 318 240
8 0.022107324 168 65 320 235
21 0.021070678 213 0 279 240
12 0.019977894 213 0 279 240
10 0.017691487 178 3 318 240
15 0.01702888 213 0 279 240
17 0.015988488 213 0 279 240
16 0.013389923 178 3 318 240
11 0.011971652 178 3 318 240
20 0.011946983 225 71 295 230
17 0.010945737 205 160 294 240
