20 0.25904018 151 42 179 192
12 0.25056252 151 42 179 192
6 0.09809835 151 42 179 192
12 0.07415377 144 86 189 206
12 0.06777811 135 24 174 240
7 0.039782986 132 28 182 196
12 0.024685891 99 104 146 198
21 0.022058675 124 7 186 162
12 0.019976482 85 75 134 224
20 0.018195692 135 24 174 240
21 0.016544256 153 0 174 186
4 0.014997629 132 28 182 196
6 0.013594599 144 86 189 206
12 0.013034748 176 59 219 240
20 0.012695826 103 63 145 171
4 0.012623332 151 7 174 230
16 0.012044953 132 28 182 196
20 0.011462868 183 8 223 222
7 0.00987125 151 7 174 230
20 0.009013098 124 7 186 162
