20 0.46927065 148 13 179 225
12 0.2169951 147 33 180 199
6 0.08180379 147 33 180 199
21 0.046070646 124 8 189 164
20 0.03817054 131 50 183 240
12 0.030438717 131 50 183 240
21 0.024174267 149 18 178 165
20 0.023644611 124 8 189 164
20 0.018173888 97 58 147 173
12 0.015802976 97 96 145 201
20 0.014538383 181 6 225 224
4 0.012550711 147 33 180 199
7 0.012383414 136 41 183 184
4 0.012343614 131 50 183 240
16 0.012122434 136 41 183 184
20 0.010870026 95 25 140 141
12 0.010830663 54 98 99 203
12 0.010553786 173 76 231 219
