20 0.4477137 148 13 180 227
12 0.23744059 149 43 180 194
6 0.15306208 149 43 180 194
20 0.0573697 125 50 188 240
21 0.056074746 125 0 190 176
12 0.055492673 142 3 174 178
12 0.05464919 125 50 188 240
6 0.043672487 142 3 174 178
21 0.027414873 149 12 176 172
4 0.02290935 149 43 180 194
20 0.01960726 95 58 146 174
7 0.017475149 135 32 185 196
16 0.017254148 135 32 185 196
6 0.016408112 125 50 188 240
12 0.016189246 98 96 139 203
6 0.0146751655 98 96 139 203
20 0.014075087 180 17 221 217
17 0.013773807 149 12 176 172
17 0.0135788275 125 0 190 176
12 0.012852457 171 70 230 230
