14 0.06913971 166 41 251 202
19 0.069020316 86 53 320 190
14 0.06316907 86 53 320 190
20 0.060587414 146 5 272 240
16 0.055518042 166 41 251 202
19 0.054232422 166 41 251 202
20 0.05173578 166 41 251 202
16 0.03142555 86 53 320 190
16 0.030449415 201 18 299 226
17 0.027740741 166 41 251 202
19 0.025787182 146 5 272 240
16 0.025576662 146 5 272 240
19 0.02181365 151 86 320 222
11 0.021671278 146 5 272 240
19 0.01964106 201 18 299 226
21 0.018720193 86 53 320 190
17 0.018231515 146 5 272 240
20 0.017814523 180 66 320 240
9 0.016623855 166 41 251 202
17 0.014007899 86 53 320 190
14 0.013826543 0 59 253 186
20 0.013223175 255 86 320 218
16 0.0129810115 248 60 320 240
