19 0.46545348 81 70 252 240
19 0.38479468 51 55 186 240
17 0.25386518 0 67 306 240
20 0.14884295 77 89 163 215
20 0.12121054 123 84 213 224
20 0.0937663 35 86 126 214
19 0.092205495 25 44 129 240
19 0.07500862 123 84 213 224
19 0.071920976 77 89 163 215
12 0.054770842 50 57 170 240
16 0.044338588 123 84 213 224
12 0.04111684 35 86 126 214
20 0.037967656 81 70 252 240
20 0.036865924 51 55 186 240
12 0.036465608 123 84 213 224
16 0.03361495 50 57 170 240
12 0.0334809 77 89 163 215
12 0.03191114 81 70 252 240
17 0.031129323 51 55 186 240
16 0.029892892 81 70 252 240
16 0.028753297 77 89 163 215
