21 0.14725418 132 2 187 240
20 0.14597432 119 54 194 191
21 0.14369352 119 70 203 223
20 0.13703004 23 0 119 240
17 0.13439225 119 70 203 223
16 0.12616467 4 0 125 240
16 0.104161926 119 70 203 223
17 0.076964624 23 0 119 240
17 0.06631849 132 2 187 240
20 0.061553296 132 2 187 240
12 0.034690112 119 54 194 191
21 0.029563623 23 0 119 240
16 0.027510228 132 2 187 240
21 0.026793422 78 68 242 230
8 0.026547562 119 70 203 223
20 0.025389928 61 33 161 212
8 0.024960732 23 0 119 240
20 0.024479795 141 29 175 218
