14 0.16657639 173 35 243 208
14 0.10706371 109 27 309 214
19 0.09765326 143 0 274 240
19 0.06757468 173 35 243 208
21 0.048595365 109 27 309 214
20 0.035992965 143 0 274 240
21 0.03307139 173 35 243 208
16 0.03113693 173 35 243 208
20 0.028417893 173 35 243 208
17 0.027217891 173 35 243 208
17 0.023842601 143 0 274 240
16 0.023729192 143 0 274 240
7 0.023587983 109 27 309 214
14 0.022275139 200 10 298 235
14 0.02169757 0 54 239 193
14 0.021654107 29 97 291 210
9 0.017089903 173 35 243 208
9 0.016425809 109 27 309 214
14 0.014870617 10 108 211 240
14 0.012532628 95 80 224 230
5 0.012367922 143 0 274 240
7 0.0120989075 173 35 243 208
