20 0.08581901 31 74 108 237
16 0.039975937 31 74 108 237
16 0.027577175 0 73 64 236
20 0.025671966 0 73 64 236
17 0.02333389 36 76 98 238
16 0.021125585 120 111 209 240
11 0.021041576 27 55 96 193
20 0.02085266 41 53 83 190
20 0.019289805 9 26 126 215
16 0.016101146 41 53 83 190
16 0.015922982 151 66 250 240
20 0.014700075 21 24 94 158
17 0.0137102185 119 95 216 240
8 0.013195459 120 111 209 240
8 0.012563274 32 53 102 198
17 0.012517064 80 82 174 240
20 0.012474102 80 82 174 240
20 0.011829797 195 24 319 215
16 0.011735237 89 117 164 240
8 0.011279399 89 117 164 240
