20 0.17218208 189 0 300 240
20 0.08593218 220 11 279 228
14 0.0693439 220 11 279 228
14 0.058865782 174 28 248 218
19 0.042832565 189 0 300 240
14 0.041899998 67 55 320 195
16 0.039542876 189 0 300 240
17 0.034703657 189 0 300 240
21 0.028688354 189 0 300 240
20 0.02530258 174 28 248 218
8 0.023869157 189 0 300 240
19 0.02326371 220 11 279 228
17 0.020723332 220 11 279 228
14 0.020118129 189 0 300 240
16 0.018735403 220 11 279 228
10 0.017470717 189 0 300 240
4 0.016993698 189 0 300 240
11 0.016968336 189 0 300 240
21 0.016888581 67 55 320 195
12 0.016609712 189 0 300 240
15 0.016170576 189 0 300 240
18 0.015266718 189 0 300 240
21 0.01481268 174 28 248 218
18 0.012237732 220 11 279 228
19 0.012036794 150 49 320 203
13 0.011046594 189 0 300 240
