20 0.4836617 149 25 179 217
12 0.23799604 147 38 178 196
6 0.10914232 147 38 178 196
20 0.0789036 142 6 173 174
12 0.05461131 133 41 187 240
21 0.052985735 123 7 188 167
20 0.04816444 133 41 187 240
21 0.02616743 149 20 177 166
21 0.023788447 136 43 181 184
20 0.020967439 91 60 143 170
20 0.020936295 123 7 188 167
16 0.019023407 136 43 181 184
20 0.017174466 179 9 220 221
17 0.016232438 123 7 188 167
17 0.01566445 149 20 177 166
16 0.0152672725 123 7 188 167
12 0.013850492 92 89 139 208
12 0.013630508 175 61 228 237
4 0.013541897 147 38 178 196
7 0.012809065 136 43 181 184
