17 0.1525506 99 87 229 216
11 0.13277371 42 67 182 176
11 0.10973757 57 49 167 132
3 0.10583505 101 50 211 197
17 0.09308613 63 70 173 240
11 0.08283158 70 79 255 160
11 0.07824106 107 55 211 123
3 0.06973924 70 79 255 160
3 0.063539095 107 55 211 123
20 0.058222447 99 87 229 216
3 0.05786688 55 9 171 171
11 0.051510014 99 87 229 216
21 0.050544478 92 53 230 181
3 0.049215917 57 49 167 132
17 0.039906137 70 79 255 160
11 0.039899487 84 27 141 143
11 0.03740566 57 99 185 240
11 0.03443541 127 29 184 138
21 0.033967767 103 84 222 230
16 0.031464174 103 84 222 230
20 0.029631307 57 99 185 240
16 0.029598068 57 132 182 240
