17 0.24285144 0 37 257 199
1 0.20056969 0 29 154 222
19 0.15247008 51 13 177 240
19 0.13474092 148 11 271 240
21 0.12385678 51 13 177 240
21 0.116539836 94 9 228 240
17 0.10775286 57 73 320 230
19 0.101172514 94 9 228 240
17 0.08712323 94 9 228 240
17 0.08601336 51 13 177 240
17 0.071764834 148 11 271 240
19 0.069268174 0 15 159 171
12 0.064881526 148 11 271 240
20 0.06373644 106 59 222 240
15 0.061491158 0 10 170 224
20 0.061279222 144 57 272 240
20 0.05636662 220 140 291 237
20 0.05102703 125 97 209 215
18 0.050662003 22 15 130 228
21 0.049054775 148 11 271 240
