17 0.1272054 101 68 224 240
17 0.1146825 53 68 183 240
3 0.106265895 84 26 222 158
3 0.098000534 111 46 208 133
11 0.07363016 53 63 178 180
21 0.06760968 97 54 229 184
11 0.054365214 111 46 208 133
3 0.054319642 54 13 176 170
11 0.04668395 97 90 231 210
3 0.046637356 72 43 162 140
11 0.044397842 72 43 162 140
11 0.03753435 86 76 243 165
20 0.037361857 101 68 224 240
17 0.03379592 86 76 243 165
20 0.028155519 86 76 243 165
16 0.027758794 47 88 189 218
16 0.027692296 101 68 224 240
11 0.027228115 57 102 179 240
