11 0.1608678 50 76 187 164
11 0.13828479 52 97 191 209
17 0.12334588 102 74 219 233
17 0.11475824 56 68 184 240
3 0.09834301 62 46 168 206
16 0.07112026 56 68 184 240
11 0.070966616 98 91 228 211
11 0.06428811 69 45 163 137
3 0.060576435 105 55 203 195
16 0.055237263 102 74 219 233
20 0.04900758 56 68 184 240
3 0.048757754 50 76 187 164
20 0.046424735 84 77 236 163
20 0.041598737 105 55 203 195
11 0.039854538 78 41 146 192
11 0.036775548 107 45 201 136
16 0.036437806 50 76 187 164
3 0.03615581 69 45 163 137
