11 0.15093488 54 88 188 215
11 0.14610796 22 50 203 190
3 0.11101494 56 10 173 175
11 0.08635324 112 87 222 217
11 0.071988225 91 37 219 141
3 0.06658207 102 10 205 169
11 0.05892905 89 68 235 172
17 0.052561134 60 62 180 240
21 0.044391412 82 65 243 174
3 0.04423748 24 52 207 185
21 0.03531971 24 52 207 185
17 0.034882974 106 67 220 240
11 0.03475567 87 21 151 153
3 0.03373942 87 21 151 153
16 0.03085456 54 88 188 215
11 0.0263173 166 83 265 225
3 0.024628446 124 24 186 148
20 0.024085771 112 87 222 217
3 0.024081266 89 68 235 172
21 0.023559138 100 32 216 213
11 0.023332527 56 10 173 175
