16 0.12733306 165 0 250 240
20 0.1023933 165 0 250 240
21 0.06191962 161 0 251 240
9 0.030400265 165 0 250 240
10 0.027397525 161 0 251 240
17 0.020559875 161 0 251 240
19 0.020445403 161 0 251 240
3 0.019774362 165 0 250 240
16 0.018923284 183 8 236 174
21 0.017725796 116 2 302 233
19 0.016732207 116 2 302 233
13 0.01546168 183 8 236 174
7 0.015212723 165 0 250 240
12 0.014928737 165 0 250 240
9 0.014226196 116 2 302 233
3 0.013565892 116 2 302 233
16 0.012833523 116 2 302 233
17 0.012455415 116 2 302 233
13 0.011382275 165 0 250 240
14 0.010694306 161 0 251 240
1 0.010524354 165 0 250 240
20 0.0103044575 183 8 236 174
