3 0.11283239 46 16 188 169
11 0.08265969 42 33 196 145
11 0.054902233 63 82 178 223
3 0.05400918 93 34 215 143
11 0.03409409 116 79 217 226
16 0.033310108 59 61 181 240
3 0.031680994 75 40 238 203
17 0.03163496 59 61 181 240
21 0.029145332 87 62 241 177
17 0.027710518 106 71 223 237
20 0.025903892 116 79 217 226
16 0.024067728 106 71 223 237
20 0.020994172 93 34 215 143
20 0.020063363 67 96 176 240
3 0.019817797 85 25 152 151
21 0.018926146 34 47 203 190
8 0.01879489 59 61 181 240
8 0.01769181 106 71 223 237
