19 0.34853625 52 51 192 207
17 0.26637775 0 15 320 223
19 0.23311119 80 37 245 224
19 0.10313216 0 34 161 153
17 0.073528916 80 37 245 224
19 0.064357 0 13 298 228
21 0.056491517 80 37 245 224
20 0.05082427 214 164 283 225
19 0.049912922 80 13 162 235
21 0.049151614 52 51 192 207
19 0.044778936 114 84 304 240
17 0.04400634 52 51 192 207
1 0.043748025 0 13 298 228
15 0.04356381 0 13 298 228
19 0.042200997 134 33 279 155
19 0.030240107 35 115 206 240
1 0.030068815 52 51 192 207
12 0.028543161 52 51 192 207
