11 0.21791251 53 97 193 209
11 0.16082287 49 76 185 167
17 0.15666911 61 72 180 240
17 0.13608252 106 73 212 236
16 0.0917016 53 97 193 209
11 0.08131812 85 81 236 163
20 0.0624795 91 94 236 208
20 0.06168797 61 72 180 240
11 0.06113824 106 73 212 236
3 0.05923517 59 36 167 216
16 0.05347276 49 76 185 167
11 0.050894603 67 46 163 136
16 0.048429485 106 73 212 236
21 0.04348257 51 75 186 225
16 0.04160676 85 81 236 163
3 0.041363552 111 38 198 212
21 0.04080917 94 83 231 219
11 0.040650465 83 57 143 179
