11 0.20585352 55 95 178 216
17 0.16316527 111 71 218 239
11 0.14945282 67 51 159 129
3 0.11483013 92 23 218 155
17 0.11382273 70 67 171 240
11 0.10304357 102 53 212 122
3 0.089328356 102 53 212 122
11 0.08825318 102 89 221 215
3 0.08600277 50 0 180 180
3 0.08426467 67 51 159 129
11 0.077306524 84 80 238 159
20 0.06013439 102 89 221 215
11 0.05204085 120 26 193 139
11 0.049396887 81 14 148 156
21 0.047755025 107 70 216 227
20 0.046190854 58 92 179 240
3 0.043901514 84 80 238 159
17 0.041307606 84 80 238 159
16 0.03707726 62 115 180 240
16 0.03657431 111 71 218 239
3 0.030800268 120 26 193 139
