11 0.2697614 60 53 173 128
11 0.17505787 42 91 198 215
11 0.16444527 102 53 212 124
17 0.14735383 105 77 223 235
3 0.133728 90 23 214 157
3 0.10975601 49 8 181 174
17 0.10712648 61 68 181 240
3 0.09173505 102 53 212 124
11 0.08688757 74 80 250 158
11 0.081207484 105 77 223 235
11 0.06841287 49 8 181 174
21 0.06578034 94 43 220 205
3 0.06186645 60 53 173 128
20 0.058491535 93 89 238 212
11 0.053721193 118 21 194 146
21 0.05138218 79 35 240 138
20 0.041668344 46 99 198 240
16 0.03790758 61 68 181 240
