16 0.17286669 167 0 250 240
20 0.16277671 167 0 250 240
21 0.08165713 164 0 246 240
9 0.039000727 167 0 250 240
16 0.023680136 119 15 296 220
21 0.022820203 119 15 296 220
19 0.02117962 164 0 246 240
17 0.018581487 164 0 246 240
19 0.01810519 119 15 296 220
12 0.017626032 167 0 250 240
3 0.016949408 167 0 250 240
7 0.016060567 167 0 250 240
9 0.0126970885 119 15 296 220
10 0.01182356 164 0 246 240
3 0.011539644 119 15 296 220
5 0.011531637 167 0 250 240
20 0.009022287 103 15 221 222
20 0.008919307 221 8 282 238
