3 0.08638734 45 16 186 170
11 0.085939236 42 32 195 145
11 0.085391656 65 83 178 222
11 0.048403654 116 80 218 225
17 0.046211317 58 63 181 240
3 0.034354314 94 37 215 140
16 0.034194432 58 63 181 240
3 0.032038443 77 40 233 205
17 0.028538343 101 67 225 240
21 0.025852317 87 63 242 177
8 0.025686834 58 63 181 240
20 0.02400234 116 80 218 225
8 0.021441398 101 67 225 240
20 0.02136105 58 63 181 240
11 0.020294137 94 65 230 176
16 0.01999797 101 67 225 240
21 0.018798178 41 35 183 214
20 0.018495347 94 37 215 140
