17 0.19800322 102 85 224 216
11 0.1308702 54 89 180 220
3 0.11488792 103 53 211 193
11 0.10516032 82 77 242 162
17 0.10061253 64 70 173 240
11 0.08316163 61 47 160 135
3 0.077850156 82 77 242 162
20 0.07512316 102 85 224 216
11 0.07276031 111 54 208 124
11 0.06632511 102 85 224 216
21 0.059250243 110 72 214 224
17 0.059178725 82 77 242 162
3 0.051240176 111 54 208 124
3 0.04572559 56 37 167 208
3 0.039772227 61 47 160 135
16 0.039343283 106 81 220 232
11 0.03522743 128 31 184 135
20 0.034972258 82 77 242 162
20 0.033738703 58 97 182 240
11 0.032894682 79 49 138 181
17 0.032281946 79 49 138 181
