11 0.18602511 54 96 181 215
17 0.15871525 108 76 219 236
11 0.1385141 66 49 162 133
3 0.12124757 88 23 222 154
17 0.1106817 67 71 171 240
3 0.097018644 47 3 184 176
3 0.09443441 66 49 162 133
3 0.09384993 102 52 213 123
11 0.091015674 102 52 213 123
11 0.083121315 100 90 225 214
11 0.06444944 81 80 240 160
20 0.047718856 100 90 225 214
3 0.045372035 81 80 240 160
11 0.044866327 79 16 148 153
11 0.043262396 119 27 192 138
21 0.042994075 107 72 217 225
17 0.042695813 81 80 240 160
20 0.042367227 58 98 181 240
3 0.03156058 119 27 192 138
21 0.027623273 92 31 227 139
