17 0.1485934 102 66 221 240
17 0.09239161 48 93 191 214
11 0.0909628 42 65 189 178
11 0.08872333 92 98 233 203
3 0.08832329 91 52 219 195
3 0.08679162 109 47 207 135
21 0.074439645 95 56 232 181
11 0.0705017 74 82 251 160
11 0.059468437 109 47 207 135
3 0.053574704 54 15 181 167
11 0.053328678 71 45 168 140
20 0.04285491 92 98 233 203
3 0.038820945 74 82 251 160
3 0.037159335 71 45 168 140
17 0.036505092 74 82 251 160
21 0.03023837 123 38 186 133
16 0.030205205 48 93 191 214
16 0.029599197 102 66 221 240
