11 0.23433104 37 99 205 206
11 0.18378945 49 78 183 166
17 0.13977818 57 55 182 240
17 0.12914792 104 64 217 240
11 0.12115697 57 55 182 240
17 0.102163196 78 96 246 205
16 0.08000859 37 99 205 206
16 0.07383686 57 55 182 240
11 0.06665146 104 64 217 240
16 0.064680204 49 78 183 166
11 0.059475947 86 53 142 182
16 0.053593438 107 40 202 210
20 0.05246432 78 96 246 205
11 0.051048856 70 45 159 136
20 0.049639918 57 55 182 240
20 0.049051896 79 80 237 162
20 0.048516225 107 40 202 210
11 0.036972154 122 62 187 177
