14 0.09840268 127 31 272 216
21 0.09716329 107 80 212 220
20 0.091460854 119 31 204 212
20 0.08065219 148 36 243 205
21 0.06517512 127 31 272 216
14 0.05590095 107 80 212 220
18 0.043629322 108 61 216 240
13 0.041103836 148 36 243 205
15 0.035871953 127 31 272 216
8 0.03340907 108 61 216 240
7 0.029281864 119 31 204 212
15 0.029062254 91 44 226 205
18 0.028960247 148 36 243 205
15 0.02827855 153 57 241 195
19 0.02765246 148 36 243 205
14 0.025230719 82 2 239 240
3 0.024414562 108 61 216 240
4 0.022387441 91 44 226 205
