17 0.1875837 0 7 320 237
19 0.16794676 35 16 193 236
19 0.12839203 137 12 279 240
1 0.09675384 0 24 179 219
21 0.09468743 35 16 193 236
19 0.06547998 73 53 253 240
16 0.06429055 73 53 253 240
21 0.06418248 0 7 320 237
20 0.061321948 223 127 283 240
17 0.05770291 86 20 239 238
17 0.054644678 27 95 283 240
16 0.05406001 137 12 279 240
16 0.053705115 0 7 320 237
16 0.053389687 35 16 193 236
12 0.050938703 137 12 279 240
20 0.048864592 178 68 240 240
19 0.04319116 194 26 313 226
20 0.04172684 264 137 316 240
