17 0.24650735 177 0 315 240
17 0.17887051 160 35 264 209
19 0.094784 160 35 264 209
21 0.08828801 189 6 306 229
19 0.07362691 177 0 315 240
2 0.053150054 189 6 306 229
21 0.049975105 160 35 264 209
3 0.04892363 177 0 315 240
14 0.03101577 177 0 315 240
12 0.027032388 204 27 304 213
18 0.024604311 177 0 315 240
7 0.020827962 204 27 304 213
4 0.019917857 189 6 306 229
3 0.019002495 160 35 264 209
9 0.018449424 160 35 264 209
9 0.015218418 177 0 315 240
6 0.015104159 189 6 306 229
12 0.014065628 160 35 264 209
