17 0.19046617 103 74 223 238
11 0.16659926 52 95 184 214
3 0.12823556 85 23 225 155
11 0.12680764 60 49 168 133
17 0.12518479 63 70 176 240
3 0.0946313 101 52 215 124
3 0.0944972 42 2 188 175
11 0.08653244 101 52 215 124
3 0.08180972 60 49 168 133
11 0.07108305 98 91 228 213
11 0.06304261 75 80 248 160
21 0.061405864 112 64 213 230
3 0.06017162 75 80 248 160
17 0.056000628 75 80 248 160
20 0.045830477 98 91 228 213
11 0.042334378 120 29 192 137
11 0.041535363 76 17 150 153
16 0.033319816 63 70 176 240
16 0.0327848 103 74 223 238
3 0.03024101 120 29 192 137
