17 0.1545613 47 87 193 221
17 0.1300887 98 78 231 223
11 0.1096044 38 66 197 177
11 0.10770582 104 49 212 132
11 0.07706191 63 45 180 139
21 0.07091379 102 55 211 192
11 0.06418488 98 78 231 223
20 0.04756885 96 71 229 236
3 0.04180158 82 24 222 156
3 0.041706216 104 49 212 132
11 0.04041276 54 107 185 240
11 0.0395594 126 30 185 142
16 0.035506323 54 72 186 236
20 0.034811705 68 71 257 168
21 0.032914225 82 24 222 156
17 0.032807827 68 71 257 168
11 0.032480475 88 21 148 154
16 0.030659596 102 55 211 192
