11 0.18619289 55 97 185 209
11 0.16505492 36 38 198 134
11 0.1340685 28 61 195 177
11 0.10363678 112 86 220 218
17 0.06186547 62 62 181 240
17 0.0453383 97 26 222 218
16 0.04101939 62 62 181 240
20 0.029454757 112 86 220 218
21 0.027151603 85 50 242 190
3 0.02684585 41 30 190 218
8 0.026712188 62 62 181 240
3 0.025377667 36 38 198 134
8 0.024362814 109 62 220 240
16 0.023242244 109 62 220 240
16 0.022922255 95 19 213 160
20 0.022075253 95 19 213 160
3 0.021454804 95 19 213 160
11 0.020333927 168 76 263 230
