16 0.14839543 164 6 250 240
20 0.11941363 164 6 250 240
21 0.053614505 160 0 250 239
9 0.025411807 164 6 250 240
10 0.022426646 160 0 250 239
16 0.021013819 183 1 232 181
19 0.016788477 160 0 250 239
20 0.016240159 183 1 232 181
21 0.015913438 109 2 309 233
20 0.015779668 178 59 231 240
17 0.01488898 160 0 250 239
16 0.013853452 109 2 309 233
12 0.013652874 164 6 250 240
13 0.013440574 183 1 232 181
19 0.0129312435 109 2 309 233
3 0.011207709 109 2 309 233
3 0.0110886935 164 6 250 240
9 0.010876616 109 2 309 233
7 0.010709358 164 6 250 240
1 0.009736987 164 6 250 240
17 0.009217611 109 2 309 233
20 0.008575623 24 10 105 233
