11 0.26058522 66 47 169 133
11 0.21398957 102 52 213 125
11 0.14860542 45 89 196 218
17 0.14224127 106 80 222 232
3 0.1204468 91 22 214 157
11 0.1070017 94 92 238 210
17 0.09040036 63 73 177 240
11 0.09030152 72 81 252 158
3 0.088212095 49 10 183 170
3 0.0837272 102 52 213 125
11 0.07514676 119 23 196 145
11 0.065997355 49 10 183 170
21 0.065145455 96 46 216 202
21 0.056455098 77 33 242 140
3 0.056278314 66 47 169 133
20 0.04827828 94 92 238 210
20 0.03749431 48 97 195 240
3 0.03321254 72 81 252 158
17 0.03267292 72 81 252 158
