11 0.25640243 41 76 196 161
11 0.17230666 32 103 207 202
17 0.15147786 52 67 183 240
17 0.10819809 32 103 207 202
11 0.06644725 64 41 171 204
11 0.04672069 43 130 196 240
11 0.045488805 65 47 167 132
16 0.042907998 52 67 183 240
17 0.039390195 41 76 196 161
16 0.037644282 32 103 207 202
20 0.03705251 52 67 183 240
17 0.03634504 76 47 154 185
17 0.034140132 82 81 243 225
16 0.03311359 41 76 196 161
21 0.03158744 39 64 194 237
3 0.028523643 64 41 171 204
8 0.025036989 43 130 196 240
16 0.023605155 76 47 154 185
