17 0.15839645 106 83 221 230
3 0.12011366 101 52 211 195
11 0.11022872 55 88 182 220
11 0.10329581 57 49 173 132
11 0.09816245 103 57 212 122
17 0.09142904 63 71 175 240
3 0.0874099 73 83 250 157
3 0.08624482 103 57 212 122
3 0.07848315 58 10 173 169
11 0.07587924 73 83 250 157
21 0.062165517 92 58 230 176
11 0.05331822 100 88 227 214
20 0.04765092 106 83 221 230
21 0.041676193 106 83 221 230
11 0.034779828 124 30 184 139
3 0.032301288 124 30 184 139
11 0.03149859 84 25 145 145
16 0.030669767 106 83 221 230
17 0.027809542 73 83 250 157
