17 0.14608458 93 60 233 240
17 0.117821574 41 92 197 215
3 0.09883422 106 47 206 134
21 0.08919826 98 52 215 192
3 0.069975145 98 52 215 192
11 0.06887973 46 63 189 180
3 0.05770557 64 16 172 163
11 0.050022144 92 93 234 207
11 0.046184976 74 76 249 165
20 0.04490843 93 60 233 240
17 0.039422557 74 76 249 165
11 0.037161976 70 41 169 143
11 0.036490045 106 47 206 134
20 0.035306655 74 76 249 165
3 0.03440537 74 76 249 165
21 0.034066528 122 37 186 133
16 0.032544844 48 57 194 240
21 0.032186676 62 37 174 207
21 0.032141462 74 76 249 165
