16 0.12032579 172 0 249 240
20 0.118107334 172 0 249 240
21 0.07238084 172 0 249 240
9 0.039402165 172 0 249 240
12 0.027336532 172 0 249 240
19 0.024302466 166 0 247 240
7 0.02124493 172 0 249 240
17 0.020411467 166 0 247 240
10 0.020145472 166 0 247 240
3 0.017393127 172 0 249 240
19 0.016231472 112 16 305 222
21 0.014952337 112 16 305 222
16 0.011436589 112 16 305 222
17 0.011252444 112 16 305 222
13 0.010372577 172 0 249 240
9 0.009972426 112 16 305 222
3 0.00985945 112 16 305 222
20 0.009767691 183 44 230 240
5 0.008888675 172 0 249 240
