17 0.18891433 105 75 222 235
3 0.120266445 87 24 225 153
11 0.11797537 51 92 184 216
17 0.11481196 66 63 175 240
11 0.09650602 60 49 166 131
3 0.08720209 102 52 213 123
11 0.08279064 102 52 213 123
3 0.076064676 45 2 185 173
11 0.07300969 97 87 228 215
3 0.06830085 76 80 246 159
21 0.06657253 110 64 212 230
3 0.06458814 60 49 166 131
11 0.058974825 76 80 246 159
17 0.0512992 76 80 246 159
20 0.04555784 105 75 222 235
11 0.045206673 122 29 190 138
11 0.033119008 76 22 148 148
16 0.032985456 105 75 222 235
16 0.03177744 66 63 175 240
3 0.030230874 97 87 228 215
3 0.029086469 122 29 190 138
