21 0.12538452 130 54 283 193
21 0.105336435 180 0 317 240
21 0.093122244 198 49 308 197
3 0.070489876 126 0 288 240
9 0.060496 130 54 283 193
19 0.058756292 130 54 283 193
17 0.05315473 126 0 288 240
3 0.04198007 198 49 308 197
19 0.04123096 170 13 317 233
9 0.038777612 198 49 308 197
7 0.0382094 198 49 308 197
7 0.035274122 130 54 283 193
17 0.024273703 198 49 308 197
18 0.016472705 170 13 317 233
14 0.015687536 170 13 317 233
21 0.01360164 66 10 263 237
19 0.012998037 66 10 263 237
14 0.012980516 130 54 283 193
2 0.012391509 170 13 317 233
16 0.011835024 130 54 283 193
