17 0.14909 114 67 206 240
11 0.14514533 57 97 181 212
11 0.1369021 94 83 223 162
17 0.08801996 66 62 170 240
20 0.08636002 97 98 224 207
11 0.06693797 64 76 162 174
3 0.06310164 115 49 196 200
16 0.05603526 57 97 181 212
16 0.05160972 97 98 224 207
16 0.050729956 115 49 196 200
11 0.049619157 114 67 206 240
20 0.04632162 115 49 196 200
11 0.04277472 124 52 187 186
8 0.03834207 97 98 224 207
3 0.035922103 94 83 223 162
20 0.034517836 66 62 170 240
11 0.033173837 90 50 136 188
21 0.031498767 114 67 206 240
