16 0.12779535 163 0 251 240
21 0.118235484 162 0 244 234
20 0.109491 163 0 251 240
21 0.03753043 111 14 306 219
9 0.03169089 163 0 251 240
3 0.027519183 163 0 251 240
20 0.023733608 183 0 236 190
16 0.017995687 183 0 236 190
17 0.015779143 162 0 244 234
3 0.014622433 111 14 306 219
19 0.014354739 162 0 244 234
20 0.013259732 175 53 229 240
12 0.012977066 163 0 251 240
7 0.011317789 163 0 251 240
19 0.011001086 111 14 306 219
10 0.01069266 162 0 244 234
16 0.010132893 111 14 306 219
13 0.009404075 163 0 251 240
