17 0.14442296 106 84 220 229
11 0.13030568 54 47 176 134
3 0.12037196 100 52 212 195
11 0.115025766 103 56 212 123
11 0.114605054 45 67 180 176
3 0.08681646 72 81 251 159
17 0.08421607 63 70 175 240
3 0.08138588 103 56 212 123
11 0.08041389 72 81 251 159
3 0.076017775 58 11 174 168
21 0.057384577 91 60 231 175
11 0.054704018 101 87 227 215
20 0.04520577 106 84 220 229
21 0.03841072 106 84 220 229
11 0.037888467 125 31 184 139
11 0.037883192 83 28 147 143
11 0.03506984 57 99 184 240
3 0.031918466 125 31 184 139
16 0.026017856 106 84 220 229
