17 0.120919466 102 67 221 240
3 0.09217159 91 49 222 201
11 0.0823951 49 89 190 216
17 0.08195342 55 67 181 240
3 0.081192754 110 47 211 133
11 0.0732452 110 47 211 133
21 0.07297598 92 57 237 182
11 0.071505204 93 96 236 204
11 0.06417991 68 43 169 142
11 0.061812993 76 77 252 164
3 0.05270518 53 19 175 165
20 0.04274803 102 67 221 240
3 0.04189121 76 77 252 164
11 0.032580204 90 26 143 149
20 0.026804257 76 77 252 164
11 0.026050396 159 87 267 217
17 0.025904465 76 77 252 164
16 0.025716303 102 67 221 240
