1 0.1463135 182 114 211 169
8 0.12834531 182 114 211 169
16 0.08770588 182 114 211 169
24 0.06722261 182 114 211 169
14 0.045766573 182 114 211 169
21 0.040717047 182 114 211 169
13 0.035762742 182 114 211 169
4 0.02764249 182 114 211 169
11 0.027469872 182 114 211 169
3 0.024426177 182 114 211 169
7 0.024130793 182 114 211 169
4 0.023765879 228 9 265 39
12 0.018082697 182 114 211 169
19 0.017045178 182 114 211 169
17 0.015170651 182 114 211 169
2 0.011052709 182 114 211 169
20 0.010382569 182 114 211 169
10 0.008112106 182 114 211 169
23 0.007563795 182 114 211 169
5 0.007073865 182 114 211 169
6 0.0053620045 182 114 211 169
