1 0.24754271 182 115 213 169
24 0.08749966 182 115 213 169
8 0.0762163 182 115 213 169
16 0.070898 182 115 213 169
21 0.05684094 182 115 213 169
19 0.028030936 182 115 213 169
14 0.02407679 182 115 213 169
7 0.023770984 182 115 213 169
3 0.022326961 182 115 213 169
11 0.021051722 182 115 213 169
13 0.018228047 182 115 213 169
4 0.016977148 182 115 213 169
17 0.012587059 182 115 213 169
12 0.01179368 182 115 213 169
20 0.009532045 182 115 213 169
23 0.007110162 182 115 213 169
5 0.0067038527 182 115 213 169
10 0.006666496 182 115 213 169
2 0.0064754137 182 115 213 169
4 0.006269276 231 9 269 36
