23 0.042739082 84 37 137 131
1 0.032349385 76 142 141 228
1 0.017959822 75 44 139 196
23 0.016550021 75 44 139 196
4 0.013912639 94 36 136 86
23 0.010642907 96 51 132 113
6 0.010558961 84 23 143 95
13 0.009687194 84 37 137 131
23 0.009671386 59 11 154 174
23 0.008506167 83 108 137 205
1 0.008476204 116 139 185 227
1 0.00813823 83 108 137 205
6 0.0078026927 77 23 142 158
23 0.0065875156 76 142 141 228
23 0.006390909 44 147 111 228
13 0.006253863 84 23 143 95
1 0.0055483733 44 147 111 228
4 0.0054646004 84 23 143 95
