2 0.54931253 181 103 249 200
2 0.348113 254 148 314 219
2 0.21820612 209 115 282 204
2 0.054017615 225 136 304 226
2 0.02637561 136 105 201 200
2 0.015786154 241 156 291 208
22 0.015041919 180 104 251 203
16 0.014265453 254 148 314 219
11 0.013027609 180 104 251 203
2 0.011468629 206 87 271 178
24 0.009877889 180 104 251 203
22 0.008743272 254 148 314 219
14 0.006345925 180 104 251 203
23 0.0063355016 254 148 314 219
2 0.006309245 162 114 263 239
1 0.0062735765 254 148 314 219
16 0.0061300215 180 104 251 203
2 0.005983623 192 114 236 187
13 0.0054445616 254 148 314 219
14 0.0052357465 254 148 314 219
