8 0.1911985 182 114 212 167
1 0.16071564 182 114 212 167
16 0.0588583 182 114 212 167
13 0.039549075 182 114 212 167
14 0.03791246 182 114 212 167
4 0.037120104 182 114 212 167
21 0.03625015 182 114 212 167
24 0.032362252 182 114 212 167
11 0.019709254 182 114 212 167
7 0.017853104 182 114 212 167
19 0.015764268 182 114 212 167
12 0.015191933 182 114 212 167
3 0.012139253 182 114 212 167
4 0.011975573 232 8 271 37
17 0.011465671 182 114 212 167
2 0.008742212 182 114 212 167
20 0.008146774 182 114 212 167
23 0.0077588633 182 114 212 167
6 0.0058892774 182 114 212 167
