8 0.22327766 182 115 213 167
1 0.12693156 182 115 213 167
4 0.071418345 182 115 213 167
16 0.04776071 182 115 213 167
14 0.042695303 182 115 213 167
13 0.041426565 182 115 213 167
21 0.03211471 182 115 213 167
24 0.021694968 182 115 213 167
19 0.016731238 182 115 213 167
4 0.016465487 232 8 270 37
11 0.014170125 182 115 213 167
12 0.014122416 182 115 213 167
7 0.012277903 182 115 213 167
17 0.0109599335 182 115 213 167
3 0.00813334 182 115 213 167
20 0.0078961775 182 115 213 167
23 0.007316708 182 115 213 167
2 0.0070791324 182 115 213 167
6 0.0066235233 182 115 213 167
