1 0.22029226 180 113 211 166
8 0.14209482 180 113 211 166
14 0.05356673 182 102 212 169
4 0.039800093 229 9 268 38
13 0.03667731 180 113 211 166
21 0.030005813 180 113 211 166
16 0.029274251 180 113 211 166
4 0.022986103 182 102 212 169
24 0.016797526 182 102 212 169
19 0.014089379 180 113 211 166
7 0.0138916485 180 113 211 166
11 0.0118798055 180 113 211 166
3 0.007848769 180 113 211 166
12 0.007669996 180 113 211 166
4 0.0076113036 203 8 236 37
23 0.0065118433 180 113 211 166
17 0.0059783706 180 113 211 166
