2 0.43723914 179 107 225 192
2 0.42460072 170 90 220 172
2 0.322387 151 83 202 171
2 0.044067945 140 32 194 152
2 0.03983598 184 127 235 230
2 0.01757461 159 106 196 184
22 0.017122943 137 26 196 154
22 0.01692301 152 101 204 190
14 0.015758827 152 101 204 190
15 0.011330713 152 101 204 190
14 0.0107595185 184 127 235 230
14 0.010167407 179 107 225 192
2 0.008854652 87 76 151 168
11 0.008600678 152 101 204 190
23 0.008132788 179 107 225 192
2 0.007357747 166 45 218 152
24 0.007280385 137 26 196 154
7 0.0069942507 32 144 95 230
11 0.006719991 179 107 225 192
22 0.0065369383 130 12 187 111
22 0.0058025373 179 107 225 192
