16 0.5807641 176 91 206 155
1 0.18260053 31 95 76 162
21 0.12867251 31 95 76 162
24 0.07855899 176 91 206 155
16 0.030112175 36 98 71 158
5 0.029970396 31 95 76 162
19 0.023444707 31 95 76 162
24 0.023376947 36 98 71 158
1 0.022871563 172 88 211 156
8 0.018618414 31 95 76 162
13 0.017963769 31 95 76 162
7 0.015550805 36 98 71 158
23 0.009493757 31 95 76 162
12 0.0083616 31 95 76 162
10 0.0072246958 36 98 71 158
3 0.006410121 36 98 71 158
14 0.0061794915 31 95 76 162
3 0.0054099006 176 91 206 155
