4 0.30958867 174 82 216 132
16 0.07000986 174 82 216 132
13 0.0652198 174 82 216 132
24 0.05090863 170 79 220 138
20 0.023005925 174 82 216 132
23 0.014259403 48 0 95 93
1 0.01227304 170 79 220 138
6 0.0103211505 170 79 220 138
17 0.01016206 174 82 216 132
2 0.010063114 170 79 220 138
23 0.0099258935 82 6 139 90
10 0.0094343405 174 82 216 132
8 0.008805593 174 82 216 132
14 0.007996504 170 79 220 138
18 0.0078049195 174 82 216 132
23 0.006423015 170 79 220 138
19 0.006113184 174 82 216 132
12 0.0058077816 174 82 216 132
23 0.0057749934 1 0 24 103
