24 0.10182536 167 79 218 148
20 0.07873475 244 175 274 220
16 0.067116804 244 175 274 220
16 0.046338573 173 84 212 140
4 0.033073824 173 84 212 140
23 0.029584821 134 8 192 98
24 0.017058155 175 67 213 126
16 0.015822247 147 166 183 213
20 0.014336712 273 165 301 226
16 0.0111119775 128 89 206 212
23 0.010400278 145 25 182 84
24 0.010136155 156 85 199 145
24 0.010031149 148 47 201 130
17 0.00991332 244 175 274 220
24 0.009857833 128 89 206 212
16 0.009794148 156 85 199 145
23 0.00789309 1 0 24 104
23 0.0073843976 113 0 210 120
2 0.0073582414 244 175 274 220
16 0.0072107757 159 87 234 214
23 0.0067890272 93 8 149 93
24 0.0063140173 159 87 234 214
4 0.0058455104 244 175 274 220
23 0.005424256 46 0 84 48
23 0.005394168 43 3 89 94
16 0.005229007 273 165 301 226
23 0.0050506857 171 14 224 98
