24 0.25967136 92 73 129 123
16 0.11338245 92 73 129 123
1 0.04322566 92 73 129 123
4 0.03805193 92 73 129 123
16 0.026371028 144 164 177 204
24 0.025025891 119 76 183 165
2 0.01631768 92 73 129 123
20 0.016063688 92 73 129 123
24 0.013820845 117 85 195 212
16 0.013321533 125 102 189 199
17 0.012443719 92 73 129 123
13 0.011604912 92 73 129 123
16 0.010655848 234 164 267 206
3 0.009299973 92 73 129 123
23 0.009213136 92 73 129 123
19 0.0070092515 92 73 129 123
10 0.006503096 92 73 129 123
18 0.0051886467 92 73 129 123
16 0.00507317 119 76 183 165
