4 0.057097405 171 40 241 135
17 0.051066842 171 40 241 135
3 0.036075417 166 33 247 143
6 0.035942398 171 25 239 93
16 0.03590591 166 33 247 143
17 0.03389557 184 102 227 143
24 0.03206038 166 33 247 143
6 0.031105734 166 33 247 143
4 0.030082008 184 102 227 143
3 0.019039983 171 25 239 93
4 0.018601006 152 27 261 150
3 0.018488942 176 25 304 149
2 0.015909359 171 40 241 135
17 0.015461641 152 27 261 150
3 0.013638913 60 16 270 158
14 0.012996544 171 40 241 135
17 0.012174645 60 16 270 158
18 0.011194616 166 33 247 143
13 0.010995638 166 33 247 143
3 0.008972849 206 15 285 92
4 0.008111179 171 25 239 93
14 0.007941264 60 16 270 158
