3 0.25287378 181 34 246 114
10 0.17488363 181 34 246 114
13 0.07355554 181 34 246 114
6 0.067609616 181 34 246 114
21 0.05866086 181 34 246 114
22 0.02617123 179 35 249 116
19 0.019606264 181 34 246 114
1 0.01895546 156 60 258 239
23 0.015590005 164 65 252 238
1 0.012473605 181 34 246 114
21 0.012371202 144 52 269 240
14 0.011318281 181 34 246 114
12 0.01049301 181 34 246 114
24 0.008649645 181 34 246 114
1 0.008010586 214 73 292 236
9 0.007891526 179 35 249 116
22 0.0076622916 164 65 252 238
18 0.0066162487 179 35 249 116
