24 0.13287145 115 68 152 111
4 0.1208568 115 68 152 111
16 0.07523618 115 68 152 111
13 0.07372863 115 68 152 111
20 0.072159685 115 68 152 111
1 0.04655625 115 68 152 111
23 0.027147183 279 0 319 64
10 0.023641163 115 68 152 111
3 0.022846267 115 68 152 111
23 0.019505477 231 0 289 54
14 0.019495359 115 68 152 111
19 0.015137567 115 68 152 111
17 0.012348391 115 68 152 111
23 0.0122198835 115 68 152 111
2 0.011802665 115 68 152 111
18 0.010507633 115 68 152 111
6 0.008880832 115 68 152 111
9 0.007330692 115 68 152 111
21 0.0072268853 115 68 152 111
