4 0.23160553 125 81 160 121
24 0.082036 126 85 162 129
13 0.079180725 125 81 160 121
16 0.070094764 126 85 162 129
20 0.03397704 125 81 160 121
16 0.025652384 141 164 174 211
23 0.015893226 281 0 320 75
13 0.014618523 117 84 154 131
17 0.012822672 125 81 160 121
4 0.012798095 117 84 154 131
18 0.011525888 126 85 162 129
1 0.0085596545 126 85 162 129
16 0.007939445 117 77 153 120
19 0.007750689 126 85 162 129
23 0.0072817975 297 0 320 104
23 0.006101184 125 81 160 121
10 0.0058986642 126 85 162 129
2 0.0056355577 125 81 160 121
24 0.0054380964 117 77 153 120
