24 0.12707154 117 60 150 114
24 0.11110925 119 53 164 127
20 0.05727302 195 163 227 201
4 0.055081084 117 60 150 114
24 0.046125516 115 55 176 179
16 0.031049162 117 60 150 114
24 0.024591992 104 60 158 161
23 0.021585679 174 0 230 52
23 0.016508149 3 0 27 62
23 0.012978169 287 0 314 51
24 0.009380299 300 26 320 148
23 0.008580807 0 0 21 91
4 0.0078488905 195 163 227 201
17 0.0075037163 195 163 227 201
16 0.006258433 195 163 227 201
24 0.0062549217 129 71 167 150
20 0.005986305 105 161 137 201
24 0.0056258515 0 0 21 91
2 0.0054691057 117 60 150 114
20 0.0054025315 117 60 150 114
16 0.005143943 119 53 164 127
