3 0.57217914 190 32 247 117
22 0.089031145 262 69 320 240
10 0.06352043 190 32 247 117
22 0.062931426 215 69 299 239
22 0.033284944 168 62 257 234
6 0.032626577 190 32 247 117
22 0.015247723 190 32 247 117
21 0.01026418 190 32 247 117
1 0.009628589 266 130 319 240
13 0.00819368 190 32 247 117
14 0.007962564 190 32 247 117
1 0.007785985 207 63 302 240
8 0.007679638 190 32 247 117
1 0.0068827663 251 63 320 240
23 0.006284254 117 76 206 231
24 0.006251265 190 32 247 117
23 0.0059170183 161 57 262 237
