24 0.16175443 112 79 151 137
1 0.12092477 108 76 155 142
16 0.1002247 112 79 151 137
24 0.03153829 121 75 160 126
16 0.016070941 154 167 187 209
3 0.013944148 112 79 151 137
24 0.012770562 121 86 192 209
13 0.009808922 112 79 151 137
23 0.009380616 292 0 317 65
24 0.0074892268 112 70 174 169
16 0.007453436 121 75 160 126
16 0.006732348 121 86 192 209
20 0.006631747 112 79 151 137
24 0.006573327 155 86 230 213
23 0.0064177234 299 0 320 100
19 0.0058834623 112 79 151 137
4 0.0053492174 112 72 152 130
