24 0.4275323 90 60 151 157
3 0.20255882 89 61 152 157
11 0.04529227 90 60 151 157
17 0.032506064 90 60 151 157
16 0.03138643 90 60 151 157
8 0.019204527 89 61 152 157
18 0.009319245 90 60 151 157
14 0.009192231 90 60 151 157
22 0.008424279 89 61 152 157
19 0.007717557 90 60 151 157
13 0.007316946 89 61 152 157
12 0.0069228895 89 61 152 157
1 0.0067583397 90 60 151 157
10 0.0066006007 89 61 152 157
24 0.0053003705 0 11 43 160
2 0.0051890546 89 61 152 157
6 0.005173199 89 61 152 157
20 0.0050884853 89 61 152 157
