24 0.41815576 222 38 270 115
24 0.24293523 141 58 177 103
4 0.10597884 141 58 177 103
16 0.048884995 141 58 177 103
17 0.026144587 141 58 177 103
20 0.024957774 141 58 177 103
24 0.020304456 273 33 318 133
2 0.016992113 141 58 177 103
18 0.01662833 141 58 177 103
24 0.011335738 126 53 195 177
10 0.010877753 141 58 177 103
3 0.010703033 141 58 177 103
19 0.008498312 141 58 177 103
23 0.007992056 7 0 32 52
13 0.007855278 141 58 177 103
24 0.0064505865 275 44 320 202
3 0.006037252 222 38 270 115
23 0.0056879544 141 58 177 103
