3 0.6233091 166 80 243 174
13 0.04579312 166 80 243 174
6 0.022126537 166 80 243 174
10 0.01849179 166 80 243 174
24 0.016146949 166 77 242 176
19 0.016073601 166 77 242 176
21 0.013897998 166 80 243 174
12 0.013678361 166 80 243 174
14 0.010442249 166 77 242 176
8 0.008593449 166 80 243 174
9 0.007881785 166 80 243 174
7 0.0072102193 166 80 243 174
22 0.0065785414 166 80 243 174
16 0.006569036 166 77 242 176
18 0.0064988616 166 80 243 174
17 0.0062595154 166 80 243 174
1 0.006075847 166 80 243 174
