4 0.30537838 134 74 171 111
20 0.12102264 134 74 171 111
16 0.032535773 134 74 171 111
13 0.032254882 134 74 171 111
24 0.030532952 134 74 171 111
23 0.02387449 5 0 30 58
17 0.022938216 134 74 171 111
18 0.019218823 134 74 171 111
4 0.017964166 124 62 180 119
2 0.013882209 134 74 171 111
24 0.011674907 124 62 180 119
4 0.010762296 147 0 180 39
14 0.010252341 134 74 171 111
24 0.0060373405 0 69 34 238
8 0.006028558 134 74 171 111
10 0.0058885864 134 74 171 111
6 0.005795648 134 74 171 111
23 0.0052384944 3 0 25 91
19 0.0051759537 134 74 171 111
16 0.0051594162 124 62 180 119
