4 0.12605935 188 84 225 133
13 0.11626955 188 84 225 133
16 0.11505193 188 84 225 133
24 0.10026777 188 84 225 133
20 0.04628098 188 84 225 133
18 0.023681872 188 84 225 133
2 0.021471607 188 84 225 133
1 0.016470859 182 79 231 140
3 0.015027512 188 84 225 133
10 0.014018687 188 84 225 133
19 0.010596806 188 84 225 133
17 0.010535625 188 84 225 133
14 0.010023807 188 84 225 133
12 0.008198755 188 84 225 133
23 0.008053994 1 0 23 94
8 0.0080490755 188 84 225 133
6 0.00759463 188 84 225 133
23 0.007171267 51 0 95 95
23 0.0069912914 188 84 225 133
23 0.0059424434 57 14 87 81
23 0.005669776 4 0 30 62
