3 0.6133105 186 33 244 116
22 0.07845174 159 61 245 237
10 0.044368133 186 33 244 116
22 0.03536159 216 71 297 238
22 0.030337626 267 67 318 240
6 0.027945796 186 33 244 116
23 0.022818483 126 71 214 234
22 0.01490363 126 71 214 234
22 0.0119890645 186 33 244 116
6 0.009882401 159 61 245 237
23 0.00905529 153 57 249 238
6 0.0086579155 126 71 214 234
14 0.008029752 186 33 244 116
24 0.007324653 186 33 244 116
23 0.006887871 137 153 210 232
1 0.0066751754 118 66 220 236
1 0.006302436 153 57 249 238
13 0.006105446 186 33 244 116
