24 0.16400254 115 68 152 112
4 0.089178674 115 68 152 112
16 0.08726752 115 68 152 112
20 0.08066431 115 68 152 112
1 0.06394334 115 68 152 112
13 0.046368904 115 68 152 112
23 0.037347354 290 0 319 54
3 0.024340458 115 68 152 112
10 0.023412341 115 68 152 112
19 0.018035633 115 68 152 112
14 0.017948657 115 68 152 112
23 0.015981287 233 0 290 53
2 0.0147436615 115 68 152 112
23 0.014114031 115 68 152 112
17 0.013862427 115 68 152 112
18 0.011914638 115 68 152 112
21 0.008147432 115 68 152 112
9 0.007930402 115 68 152 112
6 0.006535273 115 68 152 112
