3 0.6796362 163 52 217 125
3 0.3121518 138 50 202 121
24 0.07102072 138 50 202 121
3 0.031019792 125 52 207 165
24 0.025010906 163 52 217 125
16 0.024523685 68 132 97 177
2 0.017825332 68 132 97 177
1 0.015500702 68 132 97 177
24 0.013311301 75 53 164 180
16 0.013036235 138 50 202 121
24 0.009891577 0 39 38 200
24 0.00883593 68 132 97 177
11 0.008342158 68 132 97 177
23 0.008217485 5 0 31 50
3 0.008114384 273 31 320 215
3 0.007228504 68 132 97 177
1 0.0061853784 0 136 37 239
3 0.0056980914 75 53 164 180
17 0.00554532 68 132 97 177
20 0.0050811027 68 132 97 177
