4 0.32584536 135 74 171 111
20 0.093884654 135 74 171 111
13 0.03720933 135 74 171 111
17 0.031041417 135 74 171 111
16 0.029043853 135 74 171 111
18 0.024496065 135 74 171 111
24 0.023128796 135 74 171 111
2 0.015819356 135 74 171 111
4 0.012085473 127 62 180 119
4 0.011527505 146 0 180 39
14 0.010060704 135 74 171 111
24 0.008905597 0 38 32 207
23 0.00743053 4 0 29 56
24 0.00691151 127 62 180 119
1 0.0068418398 0 133 36 240
8 0.006371022 135 74 171 111
10 0.006357511 135 74 171 111
2 0.0060674865 233 0 292 53
6 0.005704514 135 74 171 111
