3 0.46634373 181 34 241 115
10 0.081377655 181 34 241 115
6 0.044449385 181 34 241 115
22 0.039071348 160 62 252 237
22 0.03315697 214 71 294 238
21 0.02861186 181 34 241 115
13 0.027578939 181 34 241 115
22 0.026795145 263 64 319 240
22 0.022326523 181 34 241 115
1 0.01756557 153 58 256 238
19 0.015236282 181 34 241 115
21 0.013944701 143 51 265 240
23 0.013763945 153 58 256 238
24 0.010866353 181 34 241 115
1 0.009706948 181 34 241 115
14 0.008541809 181 34 241 115
8 0.008295664 181 34 241 115
12 0.008137756 181 34 241 115
18 0.007385271 181 34 241 115
