3 0.32013667 182 33 245 115
10 0.1290284 182 33 245 115
6 0.069056205 182 33 245 115
13 0.057838 182 33 245 115
21 0.042236887 182 33 245 115
22 0.027001163 180 34 248 116
1 0.022637304 154 60 258 238
19 0.01768513 182 33 245 115
23 0.016502157 162 65 253 236
21 0.015146037 143 52 269 240
22 0.013949482 162 65 253 236
1 0.013628456 182 33 245 115
14 0.013182888 182 33 245 115
24 0.009194129 182 33 245 115
12 0.008620368 182 33 245 115
1 0.008140599 212 74 292 236
22 0.007671619 212 74 292 236
8 0.007221226 182 33 245 115
