4 0.20173264 116 68 153 114
24 0.13806422 116 68 153 114
13 0.05982706 119 71 159 116
16 0.04203501 116 68 153 114
20 0.040666863 116 68 153 114
10 0.021530235 116 68 153 114
23 0.01068115 281 0 320 66
14 0.009638011 116 68 153 114
1 0.009628885 116 68 153 114
6 0.009404454 119 71 159 116
17 0.008691132 119 71 159 116
24 0.008247651 116 72 170 143
19 0.0080128405 116 68 153 114
3 0.007955715 116 68 153 114
18 0.0071523422 116 68 153 114
24 0.0066056545 114 81 189 219
2 0.006179075 116 68 153 114
9 0.0050811116 116 68 153 114
23 0.005055692 116 68 153 114
