24 0.11878144 135 83 170 140
16 0.05776708 135 83 170 140
24 0.05537765 128 57 172 132
4 0.029152576 133 67 168 128
23 0.018377773 286 0 320 74
24 0.016119162 113 62 148 123
24 0.015609338 117 81 190 215
16 0.013776775 117 81 190 215
24 0.011838901 113 84 151 143
24 0.010039808 48 33 93 133
24 0.007730782 159 84 237 218
16 0.0074279597 113 84 151 143
23 0.0068300134 58 18 91 83
16 0.0067100096 159 84 237 218
23 0.0066671916 2 0 28 58
16 0.006080438 113 62 148 123
24 0.0059864465 0 23 32 144
23 0.005736692 300 0 320 106
23 0.0050211083 0 1 22 94
