24 0.33863637 145 50 207 115
16 0.10248445 145 50 207 115
4 0.06530451 153 55 198 108
2 0.026793033 145 50 207 115
18 0.013244175 145 50 207 115
24 0.012328226 132 54 210 162
4 0.011223208 139 45 210 126
3 0.009228513 164 59 207 115
13 0.008125012 145 50 207 115
17 0.007964019 153 55 198 108
24 0.0070149237 159 64 218 146
1 0.0066207345 68 131 97 178
20 0.00652977 145 50 207 115
24 0.006098657 85 19 253 158
14 0.0057475744 145 50 207 115
16 0.005491175 132 54 210 162
24 0.0054227216 276 36 320 215
