4 0.31123567 138 69 179 120
24 0.14982474 130 57 185 125
16 0.07522442 130 57 185 125
16 0.030036787 137 79 179 134
16 0.01551338 113 79 199 214
24 0.01466789 137 79 179 134
4 0.013267945 121 38 193 140
24 0.013127475 131 16 184 109
16 0.010965418 131 16 184 109
23 0.010927927 6 0 30 59
2 0.010564144 130 57 185 125
24 0.010071974 79 7 236 169
24 0.010046288 121 64 193 166
20 0.010036854 138 69 179 120
13 0.006994721 130 57 185 125
16 0.006114936 121 64 193 166
17 0.0057857237 138 69 179 120
4 0.0051796264 131 16 184 109
