17 0.056650907 188 105 231 145
6 0.048140477 171 24 245 90
17 0.035863087 173 81 244 149
3 0.030254642 171 24 245 90
3 0.028835393 147 22 272 150
4 0.026721725 173 81 244 149
4 0.025997588 188 105 231 145
6 0.022475608 164 30 255 143
3 0.022190602 204 15 286 93
3 0.020591948 178 0 308 120
17 0.016210588 164 30 255 143
4 0.011742371 171 40 246 132
17 0.011513671 56 13 273 157
3 0.011094117 171 40 246 132
24 0.010312206 164 30 255 143
3 0.008122591 266 4 317 94
16 0.008114702 164 30 255 143
6 0.0072116437 173 81 244 149
6 0.0070736594 117 15 301 156
4 0.006914598 183 126 232 155
6 0.0068995534 183 30 234 73
4 0.006898112 183 30 234 73
