13 0.15663809 189 85 227 135
4 0.13025922 189 85 227 135
24 0.08091276 189 85 227 135
16 0.07308493 189 85 227 135
20 0.04943533 189 85 227 135
18 0.02220213 189 85 227 135
2 0.021441374 189 85 227 135
1 0.020758249 184 80 233 142
23 0.018781852 1 2 21 95
10 0.017106019 189 85 227 135
3 0.013422621 189 85 227 135
6 0.012078908 189 85 227 135
19 0.011085498 189 85 227 135
14 0.0108361915 189 85 227 135
23 0.0098936865 52 0 96 96
23 0.009761586 57 15 87 81
12 0.009510792 189 85 227 135
23 0.008768394 189 85 227 135
8 0.008599695 189 85 227 135
17 0.008437432 189 85 227 135
23 0.006764518 4 0 29 65
9 0.005053591 189 85 227 135
