4 0.23409145 156 74 193 122
24 0.11555026 156 74 193 122
16 0.06815634 157 80 194 131
24 0.057257265 171 84 207 130
16 0.031656828 171 84 207 130
20 0.026555093 156 74 193 122
20 0.026443157 171 84 207 130
4 0.02515293 171 84 207 130
2 0.024213525 156 74 193 122
24 0.015927054 0 32 33 205
17 0.013522253 156 74 193 122
13 0.012742396 156 74 193 122
24 0.011996893 162 63 212 129
24 0.010541066 139 63 203 162
18 0.009645812 156 74 193 122
17 0.009231571 171 84 207 130
24 0.007998675 281 33 320 207
23 0.007431297 3 0 26 57
23 0.007350446 178 0 239 56
23 0.007209726 220 0 283 57
23 0.0071349284 136 0 191 57
23 0.0069784196 156 74 193 122
