3 0.5909503 165 74 242 176
13 0.071739525 165 77 242 175
6 0.04132044 165 77 242 175
19 0.020711577 165 74 242 176
10 0.01639028 165 77 242 175
24 0.014883166 165 74 242 176
21 0.014127877 165 77 242 175
14 0.014108485 165 74 242 176
12 0.011400755 165 77 242 175
9 0.011061614 165 77 242 175
7 0.009764644 165 77 242 175
1 0.009173236 165 77 242 175
8 0.008899353 165 77 242 175
22 0.007875049 165 77 242 175
18 0.006455594 165 77 242 175
16 0.0057210755 165 74 242 176
17 0.005490372 165 77 242 175
