24 0.446606 92 62 152 159
3 0.10872411 90 63 153 159
11 0.05084888 92 62 152 159
16 0.047066268 92 62 152 159
17 0.04370452 92 62 152 159
8 0.024097865 90 63 153 159
22 0.011539446 90 63 153 159
18 0.0113641815 92 62 152 159
14 0.009576483 90 63 153 159
1 0.008825136 92 62 152 159
2 0.0077990354 90 63 153 159
19 0.007288442 92 62 152 159
13 0.0070001036 90 63 153 159
24 0.0066225645 0 12 43 161
20 0.0062888768 90 63 153 159
12 0.0058208294 90 63 153 159
6 0.005410607 90 63 153 159
10 0.005318061 90 63 153 159
