4 0.13453935 135 71 173 119
24 0.10964225 135 71 173 119
16 0.096357524 135 71 173 119
24 0.033032294 126 72 185 150
16 0.020253366 126 72 185 150
16 0.01497594 189 169 222 213
16 0.014835801 112 76 201 218
16 0.014138602 102 165 133 206
20 0.011556187 102 165 133 206
23 0.010884642 5 0 30 58
20 0.008869496 135 71 173 119
24 0.008619832 105 70 210 222
23 0.008189261 129 14 182 104
16 0.007956068 159 83 233 216
23 0.007900969 230 0 286 58
2 0.007682922 135 71 173 119
24 0.0072628823 114 62 152 119
17 0.0066936268 135 71 173 119
23 0.006128247 2 0 23 95
20 0.005944006 189 169 222 213
10 0.005120949 135 71 173 119
23 0.005062435 178 0 235 57
