24 0.29089817 142 68 176 120
16 0.06723959 142 68 176 120
1 0.04455596 142 68 176 120
23 0.037959058 286 0 314 55
4 0.037525784 142 68 176 120
24 0.032810688 136 68 186 145
24 0.019357031 97 48 150 132
2 0.01621629 142 68 176 120
20 0.0140227415 142 68 176 120
23 0.0108877905 142 68 176 120
1 0.010519054 298 151 318 234
17 0.010218666 142 68 176 120
24 0.010044253 165 71 224 164
19 0.009457474 142 68 176 120
13 0.009089159 142 68 176 120
3 0.008854159 142 68 176 120
24 0.008038009 165 81 241 216
10 0.008025454 142 68 176 120
24 0.0077948216 52 35 96 140
14 0.007122538 142 68 176 120
24 0.0068763364 283 31 320 216
24 0.0064440104 0 12 35 164
23 0.006380527 244 0 282 42
16 0.0055767284 188 166 219 205
24 0.005155492 100 79 140 143
