16 0.10857929 161 83 199 133
24 0.08569527 160 80 214 145
4 0.07932007 166 85 207 136
4 0.07358916 160 74 198 125
23 0.027431963 290 0 318 56
24 0.02206896 160 74 198 125
13 0.018988544 160 74 198 125
20 0.014235986 166 85 207 136
16 0.009518186 154 80 229 213
1 0.009180058 154 78 206 142
16 0.009146894 282 163 305 224
13 0.008760337 166 85 207 136
23 0.008596457 160 74 198 125
17 0.007748312 166 85 207 136
20 0.0076828906 160 74 198 125
2 0.006418212 160 74 198 125
16 0.0062833927 173 166 207 212
23 0.005736648 239 0 276 41
3 0.005595707 161 83 199 133
