24 0.32302073 115 67 150 113
16 0.13779062 115 67 150 113
1 0.05447764 115 67 150 113
20 0.051140264 115 67 150 113
4 0.032088425 115 67 150 113
3 0.024722105 115 67 150 113
19 0.013778631 115 67 150 113
23 0.013183971 290 0 318 54
2 0.012752462 115 67 150 113
10 0.0108641405 115 67 150 113
13 0.010412952 115 67 150 113
14 0.010212213 115 67 150 113
17 0.009421383 115 67 150 113
18 0.008275283 115 67 150 113
23 0.006150565 115 67 150 113
24 0.005963338 117 77 194 220
23 0.005671742 231 0 288 53
9 0.0054601366 115 67 150 113
