4 0.39566875 148 76 189 118
16 0.08578324 148 76 189 118
16 0.056291282 135 72 197 144
16 0.036700085 184 168 216 208
24 0.033781294 148 76 189 118
24 0.023688445 135 72 197 144
20 0.02041558 184 168 216 208
16 0.01930479 116 79 207 209
13 0.017666537 148 76 189 118
20 0.016725708 148 76 189 118
23 0.015160934 7 0 32 56
17 0.014449726 184 168 216 208
2 0.01222208 148 76 189 118
17 0.011793365 148 76 189 118
18 0.009483269 148 76 189 118
4 0.008459121 135 72 197 144
24 0.0076341545 74 5 249 175
4 0.006782023 165 72 206 121
24 0.0055002593 1 26 23 149
23 0.0053805714 173 0 232 56
