3 0.6564332 168 83 240 173
13 0.035661165 168 83 240 173
10 0.019885873 168 83 240 173
6 0.01865906 168 83 240 173
21 0.012834921 168 83 240 173
24 0.012244307 169 81 240 175
19 0.011107695 169 81 240 175
12 0.010545637 168 83 240 173
14 0.008016684 169 81 240 175
8 0.0062279757 168 83 240 173
22 0.005856654 168 83 240 173
9 0.0058263815 168 83 240 173
18 0.005564267 168 83 240 173
7 0.005435456 168 83 240 173
16 0.0054204715 169 81 240 175
17 0.0051704976 168 83 240 173
1 0.0051199547 168 83 240 173
