24 0.06503558 159 80 221 150
4 0.06307936 158 71 196 122
16 0.04898379 159 80 221 150
24 0.047230452 169 88 211 139
16 0.045760665 169 88 211 139
4 0.040618937 169 88 211 139
23 0.038188934 291 0 318 56
16 0.036322083 158 71 196 122
24 0.026203685 158 71 196 122
16 0.025126938 150 82 238 215
24 0.016652215 139 74 252 220
13 0.014475776 158 71 196 122
2 0.009131965 158 71 196 122
23 0.008359222 158 71 196 122
16 0.007190413 283 161 308 228
23 0.0065301694 238 0 276 41
20 0.0062851044 169 88 211 139
16 0.006174572 124 65 272 228
4 0.0059717493 159 80 221 150
20 0.005545207 158 71 196 122
