3 0.67244995 127 65 212 182
6 0.050136674 127 64 214 183
10 0.03801828 127 64 214 183
22 0.02325657 127 64 214 183
13 0.019404624 127 65 212 182
19 0.015726732 127 64 214 183
1 0.011804929 127 64 214 183
21 0.011391429 127 64 214 183
9 0.009327951 127 64 214 183
24 0.00868583 127 64 214 183
16 0.00796605 127 65 212 182
7 0.0076268343 127 64 214 183
12 0.0072896103 127 64 214 183
17 0.0061520403 127 64 214 183
14 0.006023328 127 64 214 183
8 0.005916636 127 64 214 183
18 0.005448252 127 65 212 182
