3 0.5779242 188 35 247 115
10 0.049216002 188 35 247 115
6 0.03058241 188 35 247 115
22 0.020353938 162 61 253 230
22 0.0176214 269 63 320 240
22 0.015939564 188 35 247 115
22 0.015528796 188 35 291 220
13 0.015486155 188 35 247 115
1 0.013870909 6 60 55 240
21 0.013568636 17 67 92 236
21 0.011860192 6 60 55 240
21 0.009583123 188 35 247 115
23 0.008714311 10 58 101 240
1 0.008377255 17 67 92 236
18 0.007288318 188 35 247 115
23 0.0069303266 155 55 257 233
1 0.006646119 155 55 257 233
14 0.0063117854 188 35 247 115
