3 0.6429222 163 73 240 177
13 0.04572632 163 76 240 175
19 0.024338068 163 73 240 177
6 0.023262143 163 76 240 175
24 0.016353657 163 73 240 177
21 0.013853732 163 76 240 175
10 0.013606912 163 76 240 175
12 0.011380337 163 76 240 175
14 0.010902158 163 73 240 177
7 0.009088966 163 76 240 175
9 0.008970043 163 76 240 175
1 0.008086226 163 76 240 175
8 0.007841431 163 76 240 175
18 0.0058590337 163 76 240 175
16 0.0057312176 163 73 240 177
17 0.0056616357 163 76 240 175
22 0.005625879 163 76 240 175
