4 0.2080219 135 73 170 112
20 0.11746244 135 73 170 112
24 0.08028988 135 73 170 112
16 0.049546346 135 73 170 112
23 0.040263597 6 0 28 56
2 0.028129073 135 73 170 112
13 0.026309447 135 73 170 112
17 0.023967719 135 73 170 112
24 0.022387082 126 60 180 121
18 0.01898927 135 73 170 112
14 0.015349556 135 73 170 112
4 0.011199336 126 60 180 121
8 0.009888184 135 73 170 112
19 0.007953674 135 73 170 112
24 0.0075835246 67 0 247 179
11 0.007420408 135 73 170 112
1 0.007348947 135 73 170 112
2 0.007145491 126 60 180 121
10 0.006971603 135 73 170 112
4 0.0065918597 148 0 183 38
23 0.006257513 3 0 23 89
16 0.0060475552 126 60 180 121
24 0.006003568 3 0 23 89
23 0.005675692 135 73 170 112
3 0.0055117104 135 73 170 112
6 0.0051045534 135 73 170 112
