4 0.17617285 138 73 172 111
20 0.16132881 138 73 172 111
24 0.050981443 138 73 172 111
16 0.045430217 138 73 172 111
23 0.0341141 7 0 30 56
2 0.02325777 138 73 172 111
17 0.021034662 138 73 172 111
13 0.01932897 138 73 172 111
18 0.016721027 138 73 172 111
24 0.013835903 128 57 181 120
20 0.011407859 140 80 175 128
24 0.010598353 71 0 242 179
14 0.009520248 138 73 172 111
4 0.008104908 128 57 181 120
8 0.007844787 138 73 172 111
23 0.0077685337 3 0 24 88
19 0.00599549 138 73 172 111
16 0.005546879 128 57 181 120
2 0.0053741825 128 57 181 120
24 0.005372428 3 0 24 88
11 0.005351264 138 73 172 111
2 0.0052541033 229 0 287 52
