24 0.42449704 141 69 175 123
16 0.10297216 141 69 175 123
4 0.02980684 141 69 175 123
1 0.016867582 141 69 175 123
2 0.013060542 141 69 175 123
3 0.012191174 141 69 175 123
24 0.01200977 132 63 191 161
17 0.011905881 141 69 175 123
24 0.011616659 155 62 230 182
20 0.011370768 141 69 175 123
16 0.009447258 189 163 221 203
24 0.009311499 100 49 155 131
23 0.009034117 283 0 311 48
19 0.0069900085 141 69 175 123
10 0.0059069106 141 69 175 123
14 0.005367773 141 69 175 123
18 0.005248339 141 69 175 123
