13 0.34492788 181 38 251 117
21 0.11248397 181 38 251 117
10 0.08143149 181 38 251 117
6 0.052106317 181 38 251 117
23 0.043479472 153 60 257 238
12 0.033499874 181 38 251 117
3 0.025057655 181 38 251 117
22 0.023599485 179 38 254 119
19 0.021648433 181 38 251 117
22 0.016532434 264 67 317 240
9 0.015702352 179 38 254 119
1 0.0150927715 153 60 257 238
23 0.013413231 158 152 234 232
1 0.010869075 181 38 251 117
22 0.008580426 214 74 298 235
1 0.007826945 214 74 298 235
4 0.0077907527 181 38 251 117
14 0.006136146 181 38 251 117
22 0.006093896 160 66 253 236
23 0.005956106 214 74 298 235
1 0.0056392453 264 67 317 240
