4 0.077947356 158 73 196 121
16 0.05587648 158 80 223 151
24 0.054345444 158 80 223 151
16 0.047855962 158 73 196 121
16 0.04171675 168 89 212 139
16 0.039986167 139 75 254 220
4 0.036719497 168 89 212 139
24 0.035490032 168 89 212 139
24 0.03248952 158 73 196 121
23 0.025271546 292 0 319 58
13 0.018623294 158 73 196 121
24 0.017690944 139 75 254 220
2 0.009542557 158 73 196 121
20 0.007499799 158 73 196 121
16 0.0070994184 158 96 229 199
16 0.006715279 284 160 309 230
23 0.006259651 158 73 196 121
4 0.00601184 158 80 223 151
20 0.0052270275 168 89 212 139
