24 0.40516174 226 41 274 116
4 0.15801316 140 60 178 104
24 0.14919221 140 60 178 104
16 0.06112282 140 60 178 104
17 0.033524383 140 60 178 104
24 0.029543493 268 34 314 132
20 0.029119575 140 60 178 104
24 0.028582323 125 55 196 176
18 0.020101544 140 60 178 104
23 0.017674679 8 0 34 53
2 0.014890314 140 60 178 104
13 0.0109284455 140 60 178 104
20 0.010811025 180 138 211 180
10 0.009579461 140 60 178 104
3 0.008271817 140 60 178 104
16 0.007347316 227 49 267 113
3 0.0068538426 227 49 267 113
19 0.006720205 140 60 178 104
20 0.0065802364 181 164 214 200
24 0.0062130927 81 54 160 183
16 0.006053036 125 55 196 176
24 0.0058154208 222 0 288 90
23 0.005724837 44 0 76 44
23 0.005399692 140 60 178 104
