3 0.11785168 138 24 264 154
6 0.08834771 152 29 251 149
6 0.039402593 118 18 286 160
14 0.03673381 138 24 264 154
6 0.030902833 162 22 242 99
4 0.028413707 162 74 241 151
17 0.027953904 162 74 241 151
16 0.027872793 152 29 251 149
3 0.027417015 160 39 243 136
14 0.026173238 160 39 243 136
17 0.02242863 179 99 224 141
2 0.02128535 162 74 241 151
3 0.019759074 104 0 300 135
13 0.019743787 152 29 251 149
4 0.01828831 118 18 286 160
4 0.017975004 179 99 224 141
4 0.017052295 152 29 251 149
6 0.016307116 162 74 241 151
13 0.016264042 162 74 241 151
2 0.013098462 152 29 251 149
13 0.011747143 118 18 286 160
