24 0.18168184 128 59 172 134
4 0.14631692 132 67 167 130
16 0.08290507 133 80 168 139
24 0.02098175 122 62 180 172
16 0.0150270285 117 81 186 212
23 0.014921023 279 0 319 75
20 0.0116290245 132 67 167 130
2 0.0104098795 132 67 167 130
24 0.010009584 0 23 31 145
1 0.008981046 128 59 172 134
24 0.008818607 109 73 198 219
24 0.008785665 45 32 90 134
13 0.008699464 132 67 167 130
23 0.008561888 132 67 167 130
4 0.007167383 117 64 153 125
24 0.006660082 117 64 153 125
24 0.006071469 160 86 236 219
16 0.0058296626 192 168 229 220
16 0.0057978686 160 86 236 219
