3 0.74310136 143 111 195 216
3 0.66663426 281 106 320 214
3 0.651842 188 111 236 211
3 0.03308209 208 114 259 207
22 0.027375393 281 106 320 214
3 0.019178271 173 93 249 228
24 0.015708167 281 106 320 214
10 0.014387373 281 106 320 214
3 0.0135985315 85 124 161 240
3 0.00886443 183 136 221 216
1 0.008680336 281 106 320 214
11 0.0075123664 281 106 320 214
3 0.006009166 206 146 287 240
16 0.0060078753 281 106 320 214
10 0.0059814956 188 111 236 211
10 0.005784456 143 111 195 216
3 0.0057647205 142 71 282 240
