16 0.1055954 173 171 207 215
4 0.0762132 155 72 193 120
16 0.056742825 155 72 193 120
24 0.054505136 161 78 221 155
24 0.05166181 155 72 193 120
23 0.036008716 291 0 319 57
16 0.03239942 153 83 230 217
16 0.026530568 161 78 221 155
13 0.021434117 155 72 193 120
16 0.018356936 159 154 219 221
24 0.016702566 169 72 210 123
2 0.01552564 155 72 193 120
24 0.014911538 153 83 230 217
23 0.012994505 155 72 193 120
24 0.012409151 0 29 31 147
1 0.012241588 155 72 193 120
24 0.010270979 44 31 87 140
4 0.010065051 169 72 210 123
20 0.009225418 155 72 193 120
16 0.008417893 169 72 210 123
16 0.0067323567 155 170 196 215
