24 0.50927496 241 40 288 118
24 0.20283605 129 53 184 113
4 0.15268104 135 57 177 105
24 0.10629642 259 36 307 127
16 0.06851738 135 57 177 105
24 0.03974091 118 54 196 177
17 0.018579958 135 57 177 105
20 0.01295722 97 135 129 179
16 0.011260642 243 47 281 114
16 0.010828169 118 54 196 177
24 0.010814877 83 53 161 181
2 0.009957487 135 57 177 105
3 0.009945806 241 40 288 118
20 0.009003659 135 57 177 105
18 0.008360942 135 57 177 105
16 0.008008803 97 135 129 179
23 0.007690922 5 0 29 54
13 0.0072234953 135 57 177 105
24 0.007222787 0 34 35 205
10 0.0071690218 135 57 177 105
3 0.005261184 135 57 177 105
