4 0.23797011 138 74 174 110
20 0.08943271 138 74 174 110
23 0.053506926 10 0 37 53
16 0.048237875 138 74 174 110
24 0.04314415 138 74 174 110
2 0.019365627 138 74 174 110
13 0.018317912 138 74 174 110
17 0.01605319 138 74 174 110
18 0.014970763 138 74 174 110
24 0.013779091 127 59 183 119
2 0.010910006 176 0 216 38
23 0.010303153 40 0 74 48
24 0.010143294 70 0 243 176
4 0.009297971 127 59 183 119
20 0.008919917 141 80 179 129
23 0.008871944 4 0 28 87
24 0.008417741 0 11 35 166
16 0.006138236 127 59 183 119
23 0.005965952 176 0 216 38
14 0.0052887574 138 74 174 110
4 0.0051176897 176 0 216 38
2 0.00505352 127 59 183 119
