3 0.38965258 182 35 242 114
10 0.11692487 182 35 242 114
22 0.052500144 160 62 251 237
6 0.049278688 182 35 242 114
21 0.03952514 182 35 242 114
13 0.035266247 182 35 242 114
22 0.027316473 210 71 291 237
21 0.026672987 154 58 256 237
22 0.025530642 182 35 242 114
1 0.021139167 154 58 256 237
19 0.017099826 182 35 242 114
23 0.016374748 160 62 251 237
22 0.012630473 265 65 319 240
24 0.010908761 182 35 242 114
12 0.010768943 182 35 242 114
14 0.009803914 182 35 242 114
1 0.009295882 182 35 242 114
18 0.008793262 182 35 242 114
8 0.008131585 182 35 242 114
23 0.0076859565 129 154 206 233
