24 0.19250542 275 40 313 129
24 0.07658667 243 42 291 127
16 0.068949305 101 136 133 183
20 0.04461691 101 136 133 183
24 0.038743135 119 43 176 126
24 0.021616166 89 56 154 181
24 0.01932684 104 40 156 134
24 0.018793391 110 56 190 181
23 0.01841336 0 0 25 60
17 0.0137766255 101 136 133 183
24 0.012755425 124 13 178 99
16 0.009074388 93 116 144 191
16 0.008555359 96 68 151 171
4 0.0073335124 101 136 133 183
23 0.0071012843 187 0 224 46
23 0.0063328305 144 0 179 51
20 0.0059875227 187 165 220 200
23 0.005125714 103 12 153 100
