24 0.21274513 269 36 310 130
24 0.19605358 242 38 291 124
24 0.17241059 119 42 180 120
24 0.04651375 111 55 194 180
16 0.027480753 99 138 131 181
20 0.019383578 186 140 218 182
24 0.01866698 86 55 161 182
20 0.014214273 99 138 131 181
23 0.012106739 3 0 29 55
24 0.008657882 95 29 168 146
24 0.008447027 133 23 171 92
20 0.007939032 188 162 220 197
23 0.007888093 142 0 177 53
24 0.007828654 105 0 197 120
16 0.0072940737 186 140 218 182
24 0.006311996 104 14 159 100
23 0.00618118 121 15 178 102
17 0.0058306926 186 140 218 182
16 0.0056821117 121 15 178 102
17 0.005656328 99 138 131 181
23 0.0056535304 188 0 224 46
24 0.0055210483 86 7 224 166
24 0.0054918816 159 60 242 182
