24 0.12930411 148 70 183 118
23 0.074645154 293 0 320 57
4 0.06968917 148 70 183 118
16 0.064270176 148 70 183 118
16 0.04639334 181 166 214 209
1 0.032720704 148 70 183 118
2 0.02550788 148 70 183 118
13 0.024179919 148 70 183 118
23 0.02203345 148 70 183 118
20 0.020756457 148 70 183 118
24 0.011510414 94 45 147 130
10 0.011210358 148 70 183 118
17 0.010513224 148 70 183 118
24 0.0092881005 140 74 192 145
16 0.007895229 160 87 243 214
14 0.0077285734 148 70 183 118
24 0.0072537884 187 46 303 203
24 0.007189479 168 79 229 159
18 0.0061932807 148 70 183 118
19 0.0060532116 148 70 183 118
24 0.005804711 178 89 218 144
24 0.005472653 280 36 320 210
3 0.0053763827 148 70 183 118
24 0.005369735 0 27 20 152
2 0.0053265677 293 0 320 57
24 0.00514154 125 65 288 231
2 0.0050408393 181 166 214 209
24 0.0050070733 160 87 243 214
