4 0.29549128 157 75 195 122
24 0.08763231 157 75 195 122
16 0.07035932 158 80 195 130
24 0.051758297 170 83 206 130
16 0.03374069 170 83 206 130
4 0.029035743 170 83 206 130
20 0.025836756 157 75 195 122
2 0.02239677 157 75 195 122
20 0.019549161 170 83 206 130
13 0.018985832 157 75 195 122
24 0.012019671 0 32 34 203
17 0.011934149 157 75 195 122
18 0.010007714 157 75 195 122
23 0.009121353 3 0 26 57
24 0.008793423 281 33 320 207
17 0.0075428025 170 83 206 130
23 0.0070589487 157 75 195 122
24 0.0070173307 141 62 204 161
