13 0.13789348 188 85 226 135
4 0.104452334 188 85 226 135
24 0.099230304 188 85 226 135
16 0.08858711 188 85 226 135
20 0.05268972 188 85 226 135
1 0.025224647 184 80 232 142
2 0.024480678 188 85 226 135
18 0.024459872 188 85 226 135
10 0.017607355 188 85 226 135
23 0.016498767 1 1 21 95
3 0.01617443 188 85 226 135
19 0.012176908 188 85 226 135
6 0.010483584 188 85 226 135
14 0.010038705 188 85 226 135
23 0.0094604725 188 85 226 135
17 0.009165817 188 85 226 135
12 0.008422592 188 85 226 135
23 0.0078012375 58 14 88 82
23 0.0076857936 53 0 96 95
8 0.0074465265 188 85 226 135
23 0.0060532396 4 0 29 65
9 0.0051235976 188 85 226 135
