24 0.14875017 125 53 176 128
4 0.09212199 133 64 169 123
16 0.0613357 133 64 169 123
23 0.044485915 127 14 180 106
24 0.042322494 135 79 173 139
16 0.0331502 125 70 179 152
24 0.029209366 119 60 186 175
23 0.021476874 293 0 320 57
24 0.018294008 103 45 159 128
2 0.015146992 125 53 176 128
23 0.01365177 94 10 151 103
16 0.012920021 104 164 137 207
23 0.012820991 133 64 169 123
23 0.012610592 178 0 237 59
16 0.010077914 115 76 192 216
16 0.009201959 188 170 223 218
24 0.008948481 99 72 159 156
1 0.008349283 125 53 176 128
23 0.008288373 229 0 285 60
13 0.0070611434 133 64 169 123
16 0.006590573 113 59 152 121
