24 0.32714805 115 65 148 114
16 0.16763711 115 65 148 114
1 0.04200603 115 65 148 114
23 0.038558893 290 0 318 54
20 0.029186249 115 65 148 114
4 0.024170145 115 65 148 114
3 0.022269202 115 65 148 114
2 0.017630992 115 65 148 114
19 0.009015341 115 65 148 114
17 0.008793834 115 65 148 114
14 0.0084824795 115 65 148 114
10 0.008019685 115 65 148 114
24 0.006716484 145 47 260 195
13 0.0062791007 115 65 148 114
23 0.0059466227 115 65 148 114
24 0.005895642 117 70 171 152
18 0.005490292 115 65 148 114
