24 0.28378147 146 71 179 119
16 0.061144967 146 71 179 119
23 0.054704547 291 0 318 57
4 0.045936882 146 71 179 119
1 0.029444208 146 71 179 119
20 0.016002994 146 71 179 119
24 0.015532722 140 70 188 146
2 0.013307192 146 71 179 119
23 0.013102864 146 71 179 119
17 0.011339448 146 71 179 119
24 0.010025845 95 44 149 131
24 0.009992995 164 82 237 218
10 0.009505751 146 71 179 119
24 0.008538646 282 29 320 221
19 0.008239501 146 71 179 119
16 0.008147217 183 163 217 210
3 0.0073815067 146 71 179 119
13 0.0072112125 146 71 179 119
24 0.006353966 166 74 222 163
24 0.0056011723 0 22 30 146
18 0.005261147 146 71 179 119
14 0.0050408435 146 71 179 119
