3 0.62500674 113 69 193 178
6 0.04511132 111 68 196 179
10 0.035841595 111 68 196 179
13 0.026982907 113 69 193 178
19 0.021923129 113 67 193 179
22 0.016774124 111 68 196 179
24 0.016551122 113 67 193 179
12 0.011877095 111 68 196 179
7 0.009500529 111 68 196 179
21 0.009212113 113 69 193 178
1 0.008748826 111 68 196 179
18 0.007544047 113 69 193 178
8 0.0074429847 113 69 193 178
9 0.006891848 111 68 196 179
14 0.006828575 113 67 193 179
17 0.006657725 113 69 193 178
16 0.0062853126 113 67 193 179
11 0.0059796143 113 67 193 179
