4 0.23237854 144 60 178 102
24 0.21393721 215 43 260 116
24 0.07605791 144 60 178 102
20 0.051130902 144 60 178 102
16 0.04256801 144 60 178 102
17 0.04219937 144 60 178 102
18 0.028710103 144 60 178 102
24 0.023674283 137 52 186 113
2 0.014871817 144 60 178 102
4 0.014075188 137 52 186 113
13 0.013017561 144 60 178 102
16 0.012394967 217 49 254 112
24 0.010007203 278 43 320 207
6 0.009253331 144 60 178 102
10 0.008577432 144 60 178 102
3 0.007609201 144 60 178 102
19 0.007316539 144 60 178 102
3 0.0069668386 217 49 254 112
14 0.006039373 144 60 178 102
23 0.006003386 6 0 31 52
24 0.005233199 131 54 192 177
23 0.005105761 144 60 178 102
4 0.005083491 184 56 227 109
