3 0.65740037 131 60 220 186
10 0.03487684 131 60 221 187
13 0.025960097 131 60 220 186
6 0.025924282 131 60 221 187
24 0.016966688 131 60 221 187
19 0.013844379 131 60 220 186
22 0.013331289 131 60 221 187
9 0.010431883 131 60 221 187
21 0.009255816 131 60 221 187
12 0.008816629 131 60 221 187
1 0.007511038 131 60 221 187
7 0.0069462038 131 60 221 187
17 0.006717516 131 60 221 187
8 0.0065478776 131 60 221 187
16 0.006405316 131 60 220 186
14 0.0060258163 131 60 221 187
18 0.005447343 131 60 220 186
