24 0.2709405 138 69 175 128
16 0.15574995 138 69 175 128
1 0.04976669 134 64 178 131
4 0.034726147 138 69 175 128
2 0.018047623 138 69 175 128
23 0.0146125825 288 0 315 48
17 0.0136762485 138 69 175 128
24 0.013437092 102 50 156 132
24 0.013431157 130 64 188 157
20 0.012228628 138 69 175 128
3 0.01120278 138 69 175 128
24 0.008954645 159 70 218 165
16 0.007920799 190 165 223 203
13 0.0073386403 138 69 175 128
19 0.007194327 138 69 175 128
23 0.0066935825 138 69 175 128
10 0.00661925 138 69 175 128
14 0.0058260434 138 69 175 128
