4 0.17845272 148 60 183 103
24 0.08890198 148 60 183 103
20 0.08097545 148 60 183 103
24 0.058263455 178 58 219 107
16 0.0423703 148 60 183 103
17 0.039391443 148 60 183 103
4 0.027907621 178 58 219 107
18 0.027616322 148 60 183 103
20 0.02415448 178 58 219 107
2 0.01854913 148 60 183 103
24 0.017342962 208 46 259 118
16 0.017289529 178 58 219 107
13 0.015396911 148 60 183 103
17 0.013677614 178 58 219 107
6 0.012145336 148 60 183 103
3 0.010943829 148 60 183 103
10 0.010873462 148 60 183 103
19 0.010268602 148 60 183 103
14 0.007896217 148 60 183 103
2 0.0075118584 178 58 219 107
3 0.007386886 178 58 219 107
18 0.0072325277 178 58 219 107
24 0.0070331856 279 43 320 208
23 0.006794255 148 60 183 103
24 0.0067731882 0 30 32 213
10 0.006176456 178 58 219 107
1 0.0051073725 148 60 183 103
