24 0.19568712 116 67 152 113
4 0.115363054 116 67 152 113
16 0.06386981 116 67 152 113
13 0.056228798 116 67 152 113
20 0.052047953 116 67 152 113
1 0.023586111 116 67 152 113
10 0.020606983 116 67 152 113
3 0.017256634 116 67 152 113
14 0.013283697 116 67 152 113
19 0.010870935 116 67 152 113
2 0.010431211 116 67 152 113
23 0.009961338 291 0 319 54
17 0.009256352 116 67 152 113
24 0.008902839 115 71 172 145
18 0.008641154 116 67 152 113
23 0.007176802 116 67 152 113
6 0.006870469 116 67 152 113
9 0.006227977 116 67 152 113
