3 0.6188899 185 34 243 116
10 0.04816649 185 34 243 116
22 0.03113694 157 68 243 232
22 0.030742375 269 70 320 240
6 0.028805604 185 34 243 116
23 0.020796226 2 56 50 240
1 0.015299067 2 56 50 240
23 0.014330398 127 79 212 228
22 0.013608546 217 76 299 234
23 0.011101336 157 68 243 232
22 0.0107421735 185 34 243 116
6 0.009819887 157 68 243 232
23 0.007896853 136 153 209 229
14 0.007112023 185 34 243 116
24 0.0071111955 185 34 243 116
18 0.0057069124 185 34 243 116
1 0.005177433 269 70 320 240
13 0.005166195 185 34 243 116
21 0.0050212066 185 34 243 116
