4 0.25115636 155 74 193 122
24 0.1216232 155 74 193 122
16 0.0987675 155 74 193 122
2 0.031926565 155 74 193 122
20 0.03183315 155 74 193 122
24 0.029882276 165 73 206 126
13 0.022421794 155 74 193 122
16 0.020775892 170 82 208 132
17 0.014404607 155 74 193 122
18 0.012258494 155 74 193 122
24 0.012110429 140 62 203 162
24 0.009671803 0 34 33 203
4 0.009548398 165 73 206 126
23 0.008616063 155 74 193 122
24 0.008313678 282 34 320 206
20 0.008001646 170 82 208 132
3 0.0063011916 155 74 193 122
23 0.006126672 5 0 29 56
1 0.005052812 155 74 193 122
