3 0.62796247 186 34 244 117
10 0.04628415 186 34 244 117
6 0.02600992 186 34 244 117
22 0.021956597 270 70 320 240
22 0.017034201 162 66 245 232
23 0.012083624 1 58 48 240
22 0.010007525 186 34 244 117
1 0.0091446 1 58 48 240
14 0.008165731 186 34 244 117
22 0.0066334875 217 75 298 233
24 0.006570087 186 34 244 117
6 0.006335086 162 66 245 232
21 0.0062027634 186 34 244 117
23 0.00606531 162 66 245 232
8 0.0057292837 186 34 244 117
23 0.005560511 124 79 209 227
13 0.0053377794 186 34 244 117
23 0.005155486 69 76 150 225
18 0.0050165798 186 34 244 117
