1 0.13672203 142 68 178 122
24 0.119842455 142 68 178 122
16 0.059788644 142 68 178 122
24 0.035938412 136 69 188 149
23 0.029203864 288 0 317 53
4 0.028510174 142 68 178 122
1 0.026376283 136 69 188 149
23 0.023929207 142 68 178 122
24 0.016226513 94 47 150 132
24 0.013553523 159 61 231 186
2 0.013101586 142 68 178 122
13 0.012325449 142 68 178 122
19 0.011011781 142 68 178 122
24 0.010756305 283 27 320 220
1 0.010473233 94 47 150 132
20 0.009702 142 68 178 122
17 0.008430606 142 68 178 122
16 0.0074318456 187 165 221 208
3 0.006996627 142 68 178 122
10 0.006107551 142 68 178 122
16 0.0060688695 136 69 188 149
1 0.005124796 297 148 318 238
