4 0.14578341 135 74 170 112
20 0.12659036 135 74 170 112
24 0.12302523 135 74 170 112
16 0.064098425 135 74 170 112
23 0.030545684 5 0 27 57
24 0.029581543 126 60 179 121
2 0.029475007 135 74 170 112
17 0.02565536 135 74 170 112
18 0.022414604 135 74 170 112
13 0.017052513 135 74 170 112
14 0.011121243 135 74 170 112
24 0.00984535 69 0 245 179
19 0.008247464 135 74 170 112
3 0.0076947324 135 74 170 112
1 0.007435141 135 74 170 112
11 0.007211054 135 74 170 112
10 0.0068367817 135 74 170 112
16 0.00682228 126 60 179 121
8 0.006762401 135 74 170 112
4 0.0063577807 126 60 179 121
2 0.0062039625 126 60 179 121
24 0.0060587567 2 0 22 90
2 0.0055145063 229 0 286 51
23 0.005262195 135 74 170 112
24 0.0051075276 0 70 34 240
