24 0.17168364 281 38 317 134
16 0.040179532 100 133 132 183
24 0.020933451 243 39 293 133
24 0.020464394 85 55 151 183
23 0.02037201 1 0 26 60
20 0.014477636 190 163 222 199
24 0.013644506 113 56 188 184
20 0.013034625 100 133 132 183
24 0.012208406 122 42 174 128
23 0.011710572 188 0 225 45
16 0.00865769 90 111 144 193
24 0.008572834 101 39 151 135
24 0.008085519 126 11 178 97
23 0.006576677 146 0 181 50
17 0.0060237246 100 133 132 183
24 0.005324234 166 56 243 186
20 0.0050816517 187 137 220 185
