4 0.1588826 140 67 174 109
16 0.08346074 140 67 174 109
24 0.06547139 140 67 174 109
23 0.052703742 12 0 40 56
20 0.037534848 140 67 174 109
24 0.0328454 131 53 181 117
23 0.024192713 42 0 76 52
17 0.02098074 140 67 174 109
20 0.014261383 147 133 181 182
16 0.011391433 131 53 181 117
23 0.010864686 5 0 30 89
2 0.009797995 140 67 174 109
4 0.0082056625 131 53 181 117
24 0.007844032 136 20 186 98
20 0.0077847885 179 132 215 177
23 0.0070342035 48 13 81 75
20 0.006923067 146 161 181 201
18 0.0064395857 140 67 174 109
24 0.0061767935 133 71 185 152
24 0.005673516 0 11 35 165
20 0.005372027 90 130 126 185
