24 0.3115427 181 55 221 111
24 0.19169638 155 58 192 108
4 0.05129018 155 58 192 108
16 0.04147374 155 58 192 108
16 0.035814468 181 55 221 111
20 0.030591113 155 58 192 108
24 0.028034855 208 44 259 122
17 0.02400954 155 58 192 108
24 0.015920024 0 34 33 213
3 0.015159509 181 55 221 111
24 0.015148818 135 56 198 176
20 0.01504739 181 55 221 111
17 0.0145164365 181 55 221 111
4 0.0144045595 181 55 221 111
24 0.012279385 171 42 236 131
3 0.0118074715 155 58 192 108
23 0.010489567 6 0 31 48
2 0.009061032 155 58 192 108
24 0.008630383 76 54 151 191
18 0.008383085 155 58 192 108
19 0.006962593 155 58 192 108
2 0.0064735143 181 55 221 111
24 0.0063820686 279 41 320 207
19 0.0062807 181 55 221 111
10 0.006116663 155 58 192 108
6 0.006100029 155 58 192 108
10 0.005954599 181 55 221 111
23 0.0050847284 49 0 82 42
