4 0.29109916 136 73 173 112
20 0.1153654 136 73 173 112
23 0.04232805 7 0 31 55
16 0.03402468 136 73 173 112
24 0.028388057 136 73 173 112
13 0.0269478 136 73 173 112
4 0.02371832 127 59 182 120
17 0.01805882 136 73 173 112
2 0.017877761 136 73 173 112
24 0.014782142 127 59 182 120
18 0.012469762 136 73 173 112
14 0.010116022 136 73 173 112
23 0.0096024405 3 0 25 87
8 0.009361066 136 73 173 112
2 0.007933703 127 59 182 120
16 0.0076365946 127 59 182 120
24 0.007137286 69 0 243 176
24 0.0058788233 3 0 25 87
