3 0.69939595 165 51 218 127
3 0.2737205 139 49 201 123
3 0.04072812 127 50 207 167
24 0.038629487 139 49 201 123
16 0.031480268 68 133 97 177
2 0.020020805 68 133 97 177
1 0.017767865 68 133 97 177
24 0.016778832 73 53 163 181
24 0.013658671 165 51 218 127
24 0.011449984 0 40 38 201
24 0.008954896 68 133 97 177
3 0.008197499 274 31 320 215
11 0.007736325 68 133 97 177
16 0.007331755 139 49 201 123
17 0.0071948 68 133 97 177
3 0.0066971113 68 133 97 177
20 0.0064757033 68 133 97 177
3 0.0061725113 73 53 163 181
1 0.0057815583 0 136 36 238
