4 0.277057 139 73 173 109
20 0.07643978 139 73 173 109
16 0.06884496 139 73 173 109
24 0.05744715 139 73 173 109
23 0.052388877 8 0 35 55
17 0.024163177 139 73 173 109
18 0.017693805 139 73 173 109
24 0.0120390495 130 59 183 118
2 0.010906587 139 73 173 109
23 0.009455328 41 0 75 49
23 0.0092634745 2 0 25 89
13 0.008911362 139 73 173 109
4 0.008013651 130 59 183 118
24 0.006665541 0 62 18 176
24 0.0055151074 0 12 33 165
23 0.005468042 280 0 312 46
10 0.005367107 139 73 173 109
24 0.0053473883 69 0 248 179
14 0.005196237 139 73 173 109
