17 0.062102627 185 104 227 144
4 0.039214853 170 78 241 148
17 0.038476042 170 78 241 148
3 0.033915844 164 34 249 145
4 0.03321568 185 104 227 144
17 0.029619465 164 34 249 145
16 0.024101008 164 34 249 145
4 0.020845903 164 34 249 145
3 0.019716315 55 16 275 159
24 0.016743805 164 34 249 145
6 0.014381537 164 34 249 145
17 0.014006783 55 16 275 159
6 0.013512773 171 22 241 92
3 0.009290332 173 23 304 149
3 0.009035202 171 22 241 92
2 0.008235407 170 43 242 136
16 0.0071591944 170 78 241 148
18 0.0070422203 164 34 249 145
4 0.006513641 119 19 295 158
4 0.0064846147 182 127 228 154
20 0.0061945836 164 34 249 145
13 0.0056783496 164 34 249 145
