16 0.1281151 167 83 206 139
24 0.10460215 163 79 211 149
4 0.049270015 167 83 206 139
16 0.02479875 156 80 224 214
1 0.01903982 155 79 205 148
4 0.015879441 160 70 198 130
20 0.0152693335 167 83 206 139
16 0.012424921 154 166 188 211
16 0.010832022 160 70 198 130
24 0.009028151 155 61 201 133
13 0.008266393 167 83 206 139
24 0.0078076087 156 80 224 214
17 0.0070344964 167 83 206 139
23 0.006617838 2 0 23 100
2 0.0065449765 167 83 206 139
3 0.0056057833 167 83 206 139
23 0.005580589 289 0 315 58
