24 0.21047671 101 68 133 109
4 0.13234031 101 68 133 109
16 0.09592398 101 68 133 109
24 0.028942054 92 56 141 120
1 0.022726001 101 68 133 109
20 0.020756485 101 68 133 109
2 0.019195676 101 68 133 109
17 0.017046956 101 68 133 109
23 0.014591356 101 68 133 109
19 0.011318058 101 68 133 109
18 0.011235139 101 68 133 109
13 0.010892783 101 68 133 109
24 0.009628334 122 69 176 166
24 0.008417183 116 78 186 218
3 0.007344065 101 68 133 109
10 0.0067190616 101 68 133 109
14 0.0063258503 101 68 133 109
