4 0.23392591 138 67 179 121
24 0.14929147 129 55 185 125
16 0.08006863 129 55 185 125
16 0.032584112 137 80 180 135
24 0.015677508 131 14 184 109
24 0.0155050205 137 80 180 135
16 0.014651251 131 14 184 109
16 0.013217415 114 79 199 214
4 0.012101494 120 36 192 140
24 0.011609512 121 63 194 168
23 0.011277881 6 0 29 58
24 0.010497806 103 22 208 152
2 0.010092328 129 55 185 125
16 0.009286934 188 169 219 211
20 0.008878592 138 67 179 121
2 0.0079667615 131 14 184 109
23 0.007499958 131 14 184 109
4 0.006961251 131 14 184 109
20 0.0065266057 188 169 219 211
13 0.006017816 129 55 185 125
