3 0.089926705 163 42 246 120
3 0.067519285 140 24 272 139
6 0.024993906 163 42 246 120
3 0.018437512 180 0 307 121
3 0.016817255 206 15 286 95
24 0.014776919 163 42 246 120
17 0.013294535 163 42 246 120
4 0.01248516 163 42 246 120
3 0.009758857 195 40 281 121
14 0.009727376 163 42 246 120
16 0.0077781943 163 42 246 120
3 0.007658443 266 4 316 94
3 0.0068735722 71 0 254 107
17 0.0061408505 181 60 231 103
3 0.0058046784 128 46 216 119
6 0.0053116274 140 24 272 139
17 0.0052589136 181 93 228 130
13 0.0051318686 163 42 246 120
