4 0.33626822 156 5 188 43
4 0.22396661 155 28 184 61
4 0.05566328 109 65 140 101
4 0.039852392 141 60 174 100
4 0.034413684 143 99 178 147
4 0.02937423 169 5 209 39
4 0.028847601 147 130 180 171
4 0.02873166 114 43 142 73
4 0.020900454 121 62 198 186
4 0.01902573 146 0 201 49
4 0.017401703 181 100 214 146
4 0.017207531 180 131 211 171
4 0.016712558 106 93 142 139
3 0.014913824 0 75 51 240
4 0.013740859 171 30 203 63
4 0.00790146 177 66 211 107
24 0.006537852 0 75 51 240
4 0.0064213406 82 35 236 212
4 0.0057689366 129 47 188 118
4 0.0057380046 122 188 193 240
4 0.005184684 111 4 141 38
