4 0.34063536 116 60 196 176
4 0.059846733 294 164 316 230
4 0.058685973 85 41 232 196
4 0.057194863 86 33 165 149
4 0.0493784 133 127 179 169
4 0.04598326 134 95 179 147
4 0.04084888 91 111 165 184
4 0.037543904 94 80 165 161
4 0.025645725 106 128 147 172
4 0.025627216 108 99 148 147
4 0.013870559 146 60 231 186
4 0.010422936 174 135 212 172
8 0.009677907 294 164 316 230
4 0.0094075315 138 170 176 207
17 0.009015945 294 164 316 230
4 0.008856552 46 17 203 169
8 0.00885008 114 36 193 153
4 0.008738337 134 60 177 118
4 0.008533589 184 175 220 210
4 0.008110203 69 84 186 213
