4 0.24615556 157 88 235 149
4 0.19887392 173 96 223 134
4 0.12751848 143 137 191 175
4 0.11903404 129 119 211 186
4 0.11683398 150 102 199 139
4 0.10546902 178 176 232 205
4 0.10530838 135 171 186 204
4 0.06401959 182 82 224 116
4 0.05100598 173 136 223 170
4 0.050595805 151 114 240 182
4 0.04844502 130 87 260 206
4 0.027736034 149 78 193 114
4 0.027062168 116 159 204 211
4 0.026728153 134 82 217 170
4 0.024665324 226 177 285 208
4 0.023175383 157 163 252 213
4 0.019198477 92 178 148 207
4 0.013015157 281 166 316 216
4 0.012078854 206 168 302 219
4 0.008339964 49 115 275 240
4 0.0070624794 184 201 232 232
4 0.0058088675 169 71 233 125
4 0.0055594165 137 67 203 123
4 0.005454327 134 202 181 233
13 0.005383277 281 166 316 216
