4 0.3616639 159 28 188 63
4 0.28990698 158 7 190 48
4 0.08646136 170 29 201 64
4 0.047252595 170 7 206 46
4 0.041166328 112 64 141 98
4 0.039842922 147 130 181 172
4 0.03138232 116 42 143 73
4 0.02837422 142 100 176 148
4 0.027656453 144 57 176 96
4 0.02306628 148 0 201 54
4 0.021069763 122 63 197 188
4 0.018184759 178 133 209 173
3 0.014790173 1 72 52 240
4 0.0124464 108 94 142 140
4 0.011342858 201 135 316 240
4 0.010399396 180 100 212 147
4 0.009503893 124 188 196 240
4 0.008717297 147 17 201 72
4 0.008667659 133 112 193 187
24 0.0074461135 1 72 52 240
4 0.0061070113 176 59 208 101
4 0.005620237 145 172 181 211
4 0.00501164 63 34 96 70
