4 0.35450038 29 207 85 240
4 0.19886038 14 207 62 240
4 0.19301854 131 110 165 144
4 0.14660887 111 106 142 145
4 0.073190816 131 132 166 159
4 0.044804145 110 134 140 161
4 0.031068 126 208 191 238
4 0.028545983 115 88 179 154
4 0.026897833 97 79 155 156
4 0.025260035 67 101 94 141
4 0.02249107 106 68 141 119
4 0.020604858 185 101 221 143
4 0.019722525 135 73 171 115
4 0.016026365 134 180 178 213
4 0.015805561 44 187 86 222
4 0.0138638215 144 3 182 38
4 0.013093775 176 209 229 240
13 0.012630701 29 207 85 240
13 0.012422676 14 207 62 240
4 0.012119215 112 29 189 156
4 0.011582064 141 29 176 69
4 0.011478501 71 32 173 194
6 0.00926005 22 199 97 240
4 0.009128883 183 2 224 31
4 0.009095095 11 183 44 223
17 0.0077750296 29 207 85 240
4 0.0071645305 74 210 140 240
4 0.007131792 185 73 221 115
4 0.0070707086 106 31 138 75
