4 0.19133833 96 62 146 171
4 0.10830061 109 68 141 117
4 0.10117984 90 169 117 208
4 0.057650346 107 83 134 149
4 0.050002884 79 35 158 199
4 0.049581204 102 137 126 181
4 0.03533774 3 193 30 240
4 0.019029183 66 179 93 216
4 0.016954547 47 204 85 239
4 0.01682973 84 202 124 240
4 0.01517087 145 163 175 211
4 0.011408021 125 66 156 114
4 0.0061253468 136 149 191 225
17 0.0060397624 3 193 30 240
4 0.00600045 2 174 24 231
4 0.005422723 103 38 136 80
4 0.0052189534 2 0 30 44
4 0.005162379 64 69 97 108
