4 0.19358923 91 47 146 190
4 0.10145124 90 170 117 208
4 0.09051696 107 66 138 119
4 0.058929592 101 136 125 180
4 0.058652397 105 83 131 151
4 0.026853457 1 198 31 240
4 0.026672956 48 207 85 240
4 0.02591856 69 179 94 215
4 0.02515389 84 203 124 240
4 0.011570129 144 166 174 212
4 0.008325915 102 35 136 81
4 0.00703766 90 17 151 97
4 0.0063266745 65 68 98 109
4 0.005821742 125 64 157 114
4 0.005714864 75 191 136 240
4 0.005694443 138 0 176 32
4 0.0054928577 73 13 165 179
4 0.0051513407 81 155 130 220
4 0.0050002355 102 0 138 34
