4 0.41707265 160 59 192 109
4 0.07038099 154 32 188 89
4 0.063880235 151 48 200 114
4 0.056503993 145 14 197 95
4 0.04829132 104 204 139 240
4 0.040551525 132 177 160 216
4 0.03582867 111 177 140 217
4 0.033335064 152 83 184 137
4 0.025914034 141 74 193 153
4 0.01971862 130 204 169 240
14 0.017809682 145 14 197 95
16 0.0113617545 145 14 197 95
4 0.009539726 175 89 205 134
24 0.009401716 145 14 197 95
4 0.009222874 171 35 206 86
4 0.008331311 95 189 151 240
4 0.007659274 283 199 315 240
4 0.0074196463 144 30 205 139
4 0.0073147067 160 18 217 96
4 0.0070634526 137 133 168 183
4 0.006951175 148 0 183 52
4 0.0065243724 136 0 195 67
4 0.006101685 188 211 228 240
4 0.0056495005 120 188 180 240
