4 0.34951222 104 48 189 135
4 0.18720503 90 52 205 174
4 0.13513754 87 75 173 151
4 0.054404974 105 94 152 138
4 0.050016023 125 92 176 135
4 0.020229207 125 64 176 116
4 0.017375378 138 169 177 209
4 0.017208517 80 92 171 203
4 0.016502384 104 64 152 117
4 0.0136600975 131 132 175 170
4 0.0130563835 108 107 192 185
4 0.012774167 103 131 145 170
13 0.009277357 292 192 313 240
4 0.008754883 33 72 212 225
4 0.007951131 118 152 190 222
4 0.007892246 181 174 221 212
13 0.0054280437 295 162 315 232
4 0.005156701 295 162 315 232
