4 0.57916635 148 165 192 211
4 0.2711749 216 8 262 45
4 0.22164376 221 21 262 63
4 0.21430913 7 70 27 113
4 0.13881235 205 8 241 42
4 0.13659985 210 10 276 78
4 0.082450986 208 26 238 63
4 0.024128748 135 144 203 232
4 0.020250669 148 147 189 192
4 0.016919753 186 0 304 117
4 0.015886145 3 29 24 89
4 0.014920882 5 82 24 140
4 0.013793563 157 43 184 74
4 0.011105579 2 2 26 45
6 0.008742461 140 159 199 217
4 0.007109425 148 183 190 232
4 0.006453847 229 59 265 99
4 0.0055790585 152 159 215 215
4 0.0055781333 38 73 65 106
