4 0.5358068 104 136 161 218
4 0.06981565 117 142 162 192
8 0.0394839 104 136 161 218
8 0.03299574 296 166 320 227
4 0.030973392 296 166 320 227
17 0.018921178 296 166 320 227
16 0.015905268 104 136 161 218
4 0.014758037 240 170 277 217
16 0.014564879 296 166 320 227
4 0.013120735 293 186 319 240
17 0.008384497 104 136 161 218
17 0.008355351 0 192 30 240
4 0.00834498 235 197 276 237
4 0.007067724 82 109 178 222
20 0.006414718 104 136 161 218
13 0.006039126 296 166 320 227
12 0.0059745186 0 192 30 240
13 0.0056617325 293 186 319 240
6 0.0056317328 101 135 162 223
4 0.005410828 91 65 163 190
