4 0.66109294 126 45 207 117
4 0.11618597 136 60 190 106
4 0.0757645 126 163 170 201
4 0.0649284 98 163 150 201
4 0.030763661 85 158 163 213
4 0.028200049 109 144 148 184
4 0.026044272 131 142 169 181
4 0.023933718 117 55 209 163
4 0.023492225 135 90 184 126
4 0.021515362 146 38 192 90
4 0.016580239 114 155 182 210
4 0.013549178 88 22 248 147
4 0.010294863 47 172 93 211
4 0.009147871 284 0 313 42
4 0.008730248 113 98 150 132
4 0.0072426307 118 117 185 192
4 0.006586164 98 128 163 195
4 0.0050166524 105 37 144 81
