24 0.28692755 118 43 162 112
4 0.20960362 121 46 158 107
14 0.080839396 118 43 162 112
8 0.020076044 121 46 158 107
4 0.018493474 111 81 145 137
11 0.015273326 121 46 158 107
16 0.010942619 121 46 158 107
19 0.009963046 121 46 158 107
6 0.009648925 118 43 162 112
10 0.008782597 121 46 158 107
2 0.008140659 118 43 162 112
18 0.008033025 118 43 162 112
22 0.00786095 121 46 158 107
7 0.0075042704 121 46 158 107
13 0.0071509103 118 43 162 112
17 0.006687928 121 46 158 107
3 0.005913809 121 46 158 107
