4 0.123974256 90 43 151 187
4 0.094906375 101 136 127 176
4 0.065597355 107 91 134 149
4 0.045052618 108 65 139 117
4 0.02502979 93 167 123 206
4 0.020071331 3 200 34 240
4 0.014535934 41 211 85 240
4 0.0136563005 129 64 158 115
4 0.012433073 2 0 31 43
4 0.01168723 84 210 133 240
4 0.00960877 143 0 178 31
4 0.009034916 52 17 183 214
4 0.008506707 138 138 165 180
4 0.0074800346 143 165 176 209
4 0.006790227 131 95 156 146
4 0.006597729 101 36 136 79
4 0.0062047713 100 0 134 32
4 0.0053516543 48 0 84 33
4 0.005107296 117 45 167 137
