4 0.24812728 160 63 195 112
4 0.057022545 162 47 213 116
4 0.025190849 163 18 219 96
4 0.022904312 103 205 140 240
4 0.022300776 137 175 167 217
4 0.020464538 141 75 196 154
4 0.020311523 144 12 201 96
4 0.017803198 152 84 186 138
4 0.017446967 108 174 138 218
4 0.016280424 5 191 33 240
4 0.0147639755 173 32 210 87
4 0.013835056 134 204 172 240
4 0.013187732 154 30 191 88
4 0.011849304 283 203 316 240
4 0.011591261 176 88 207 136
14 0.009827051 144 12 201 96
4 0.009789405 141 135 172 183
13 0.0096607795 283 203 316 240
14 0.008636703 163 18 219 96
4 0.008212884 238 213 282 240
4 0.007675148 190 210 229 240
4 0.007412462 157 30 222 140
4 0.006938426 1 0 26 48
4 0.00537555 45 207 81 240
4 0.0051927315 93 186 153 240
