4 0.6289286 135 45 199 134
4 0.07804301 144 57 187 117
4 0.05906726 116 46 207 180
4 0.054249186 143 81 186 140
4 0.03780616 148 28 223 143
4 0.036813654 33 208 86 240
4 0.029614223 6 204 49 240
4 0.020586394 93 17 244 164
4 0.016345141 139 22 204 108
4 0.0144027285 145 119 180 172
4 0.012976951 141 0 245 121
4 0.01223193 22 196 99 240
4 0.011499697 128 77 197 211
4 0.009641587 85 210 134 240
4 0.00898241 148 37 188 90
4 0.0065051066 135 210 180 240
4 0.006360223 157 0 241 56
4 0.0060171587 164 58 208 113
13 0.0058885464 6 204 49 240
13 0.005588006 33 208 86 240
4 0.0053642155 49 179 85 223
