4 0.4200078 131 80 197 154
4 0.27317128 143 93 186 144
4 0.075879715 141 69 183 125
4 0.07144636 141 120 181 169
4 0.06514638 86 201 136 239
4 0.05816683 128 104 193 184
4 0.054998346 111 56 216 182
4 0.053474434 167 98 208 146
4 0.03682459 153 86 219 156
4 0.027342493 82 41 248 200
4 0.019895816 124 204 171 240
4 0.019595467 105 77 163 162
4 0.016925892 115 91 152 150
4 0.015523073 56 205 99 238
4 0.015126234 95 177 133 224
4 0.01077062 173 125 210 173
4 0.010125956 133 18 250 163
4 0.009822382 171 73 211 119
4 0.0088005215 110 128 144 177
4 0.0069119567 133 170 169 218
4 0.0068788864 114 61 151 123
4 0.006137141 155 52 222 137
4 0.005144569 156 108 223 186
