4 0.3133453 156 31 186 64
4 0.19424754 155 7 189 47
4 0.070174515 136 104 167 148
4 0.06864106 139 132 169 171
4 0.04654646 108 66 139 104
4 0.039993178 140 59 172 102
4 0.035803046 170 31 204 65
4 0.03001478 111 99 143 141
4 0.022749383 171 5 211 43
4 0.022563323 111 42 139 72
4 0.01798198 117 58 188 190
4 0.017212324 124 82 180 165
4 0.017086707 146 0 202 52
4 0.009974777 60 33 94 69
4 0.009562717 53 5 87 37
4 0.00955659 104 4 136 38
4 0.00948981 198 136 312 240
4 0.0076551684 128 47 183 121
14 0.0064395703 206 144 309 240
4 0.006248949 80 29 231 217
4 0.006106304 144 20 198 73
4 0.006053082 111 132 143 168
4 0.005411318 141 168 175 210
4 0.005260723 125 114 181 185
