4 0.4183024 157 28 188 64
4 0.21623304 153 6 188 51
4 0.11219608 170 31 202 66
4 0.06557885 146 134 178 175
4 0.03216131 143 101 175 149
4 0.026826482 112 66 141 99
4 0.02642092 146 56 177 95
4 0.024148762 171 6 208 48
4 0.01953827 115 40 144 72
4 0.019380514 146 17 200 72
4 0.018192904 123 61 194 191
4 0.01549266 178 136 209 174
4 0.015120481 202 139 315 240
24 0.014750876 2 69 53 239
4 0.01395444 144 171 179 210
4 0.013904193 108 97 142 142
4 0.012441005 53 4 86 38
4 0.012402532 61 30 96 67
4 0.010354155 179 204 227 237
4 0.010223568 159 0 221 54
4 0.009964752 132 115 190 187
4 0.008293275 121 189 194 240
4 0.0077819005 180 102 212 147
22 0.0063324566 200 152 319 240
4 0.005982941 108 4 140 41
4 0.005578571 176 59 208 99
4 0.005300775 8 0 39 41
24 0.005176742 6 70 122 237
4 0.005173269 106 133 141 172
