4 0.44491112 102 58 188 133
4 0.16450076 88 76 175 147
4 0.055044215 72 35 186 147
4 0.046578646 160 154 225 227
4 0.03881717 128 152 200 225
4 0.036796622 105 92 155 136
4 0.035692886 174 168 215 215
4 0.035019577 119 90 175 132
4 0.03263927 145 168 188 212
4 0.030827397 106 90 198 205
4 0.0242677 120 69 177 118
4 0.023654236 66 46 229 181
8 0.022088116 102 58 188 133
4 0.014802766 104 67 155 119
4 0.0146123655 294 193 314 240
4 0.011985 84 108 167 187
4 0.011931353 297 168 315 230
4 0.01143935 133 133 180 172
13 0.011068827 294 193 314 240
4 0.007585239 102 130 145 170
