4 0.5464525 126 97 196 159
4 0.101884715 134 118 183 164
4 0.037363436 120 29 199 156
4 0.022756392 102 65 216 178
4 0.01618772 72 48 250 193
4 0.015548809 75 189 145 240
4 0.011528961 85 201 136 237
4 0.01071734 92 113 171 187
4 0.00911139 112 102 156 152
4 0.007548756 80 152 151 229
4 0.0074370555 107 126 152 172
4 0.007198677 142 73 183 124
4 0.0070723933 99 88 170 162
4 0.0064528063 163 103 208 151
4 0.0060724164 151 91 218 159
8 0.005911618 126 97 196 159
4 0.005538822 96 21 164 159
4 0.005345176 94 172 134 219
4 0.005147409 75 90 187 216
4 0.005011241 128 205 175 238
