4 0.23555182 150 25 242 151
4 0.22667976 157 83 235 149
4 0.17718843 173 99 221 142
4 0.10801381 133 40 207 134
4 0.065819435 93 7 245 167
4 0.04934186 153 96 197 141
4 0.035173185 145 1 178 35
4 0.03199519 148 62 189 115
4 0.027638214 179 125 220 163
4 0.020803511 113 37 288 194
4 0.020112474 176 69 218 117
4 0.018737067 234 0 276 29
4 0.0186691 132 18 196 103
4 0.016380059 145 30 181 81
4 0.015226616 186 0 223 33
4 0.009310543 154 128 192 166
4 0.007070285 276 0 315 39
4 0.0066081826 164 111 236 178
4 0.0057948697 104 0 136 34
4 0.0050253808 174 6 296 162
