4 0.6295317 134 107 168 145
4 0.11643174 123 93 180 152
4 0.05978815 35 203 79 238
4 0.049824025 12 197 50 240
4 0.034158964 44 180 80 221
4 0.03152081 133 121 168 157
4 0.021341603 118 107 152 144
4 0.016375892 11 174 41 226
4 0.015703654 109 130 145 164
4 0.012184018 112 28 187 154
4 0.011329188 133 77 168 123
4 0.010128794 25 192 91 240
4 0.009855086 110 70 143 115
4 0.009500931 139 1 185 34
4 0.009255951 61 26 250 209
4 0.007071379 75 7 178 163
4 0.006962311 94 45 210 188
4 0.005141918 102 29 137 76
