4 0.40237316 155 24 188 63
4 0.2905573 153 5 189 52
4 0.05311675 145 134 177 175
4 0.04895376 169 27 203 64
4 0.04419332 59 30 97 68
4 0.030411614 145 15 198 70
4 0.028678244 143 101 175 148
4 0.021921864 145 56 177 97
4 0.021595191 169 6 208 47
4 0.020570224 122 58 195 192
4 0.017304359 108 64 139 98
4 0.01474112 110 38 142 72
4 0.012261804 179 136 211 174
4 0.012152151 54 6 89 43
4 0.011754782 106 98 140 142
4 0.0112233525 143 171 178 210
4 0.009932484 44 22 109 84
4 0.009031148 158 0 221 53
24 0.008806955 2 69 53 238
4 0.00811257 121 190 194 240
4 0.008030093 203 139 315 240
4 0.007186605 130 114 188 187
4 0.0067222905 178 206 228 238
22 0.006511552 200 152 318 240
4 0.006163461 181 103 214 146
4 0.0055063018 104 134 139 173
4 0.005485685 106 4 140 43
4 0.0054854937 7 0 40 43
4 0.005396451 84 32 232 216
