4 0.13908814 188 132 218 178
4 0.11368104 143 132 177 172
4 0.091805406 143 105 176 151
4 0.07342029 112 105 141 149
4 0.047079317 93 212 140 240
4 0.037988465 112 131 141 169
4 0.03776589 131 85 191 166
4 0.0329323 174 114 229 188
4 0.031635385 123 60 199 190
4 0.025095139 183 102 215 156
4 0.021276543 188 165 220 199
4 0.020976566 126 211 176 240
4 0.020580469 186 0 230 30
4 0.0188699 139 172 176 207
4 0.015545297 0 198 37 240
4 0.013697335 85 30 237 213
4 0.013528938 168 82 223 172
4 0.010981099 58 101 86 145
4 0.010710011 143 68 179 114
4 0.009144904 41 211 91 240
4 0.008216085 104 177 139 214
4 0.007889986 57 133 86 172
4 0.0073651997 0 169 26 230
4 0.007313419 173 0 245 41
4 0.006462431 53 66 86 113
4 0.005507103 80 202 154 240
4 0.005472861 3 89 27 156
4 0.0053783013 104 67 138 116
4 0.0050902776 131 53 192 136
4 0.0050462615 181 211 225 239
