4 0.32660574 156 33 189 66
4 0.10669823 152 9 189 46
4 0.05911943 120 52 193 192
4 0.05754365 170 34 203 67
4 0.053218197 141 133 170 173
4 0.0442232 140 100 171 150
4 0.037871692 144 56 177 102
4 0.021400562 59 30 96 68
4 0.021347333 109 64 142 105
4 0.016383609 87 29 229 215
4 0.015767384 110 98 143 142
4 0.0140272835 131 45 188 123
4 0.013421986 171 8 212 42
4 0.013038597 108 38 142 72
4 0.012468825 53 6 90 41
4 0.010929233 142 0 203 51
4 0.008148583 102 5 137 39
4 0.0071739876 144 24 201 73
4 0.0071528344 119 185 192 240
4 0.0067157764 140 170 176 211
4 0.005633817 175 60 208 101
4 0.0055182944 110 133 142 170
