4 0.36834577 157 7 189 47
4 0.3173957 159 25 188 60
4 0.05288427 170 29 202 63
4 0.032238804 149 130 182 173
4 0.029371426 169 7 207 45
4 0.024661452 149 0 200 52
4 0.023935547 145 54 177 99
4 0.02205294 108 64 139 101
4 0.020366356 145 98 179 149
4 0.018611936 178 132 210 174
4 0.014709912 126 61 198 188
4 0.009767341 214 144 312 240
4 0.00972842 180 99 212 149
4 0.009019502 113 40 142 73
4 0.008716667 121 190 195 240
4 0.008339331 61 33 96 71
4 0.007997944 134 112 193 188
4 0.007250306 106 93 141 141
4 0.0061112465 144 172 179 211
3 0.0056274417 1 69 50 240
4 0.0053394893 6 0 35 41
4 0.00516214 178 205 228 238
