4 0.33452898 140 150 183 177
4 0.19263002 132 166 177 194
4 0.18808083 172 145 217 172
4 0.10405851 126 61 220 178
4 0.06921351 175 102 217 139
4 0.05910057 181 68 224 108
4 0.056728065 162 57 234 126
4 0.05460789 153 77 232 155
4 0.048292387 91 41 250 193
4 0.047530685 150 106 192 143
4 0.040871877 105 175 154 203
4 0.04049315 288 138 319 189
4 0.039029513 286 161 319 208
4 0.036181074 135 56 213 130
4 0.035485677 172 167 223 194
4 0.034968585 124 130 203 184
4 0.022343654 151 68 197 109
4 0.01916111 112 157 196 204
4 0.015247032 152 127 236 179
4 0.015228523 112 151 155 177
4 0.011438614 131 201 180 235
4 0.009577277 0 197 36 240
4 0.008126198 144 38 187 75
17 0.0074248095 288 138 319 189
24 0.007186792 111 50 232 185
4 0.006882565 120 103 210 201
4 0.0068134544 88 205 141 236
4 0.0065626386 230 171 283 201
