4 0.23446448 164 78 232 166
4 0.2000131 161 96 244 209
4 0.1565342 159 22 242 162
4 0.15610701 169 145 259 218
4 0.103880726 179 98 218 147
4 0.06632576 141 0 177 30
4 0.059594024 131 34 272 206
4 0.031632375 116 10 230 172
4 0.028003117 187 168 242 211
4 0.023420783 179 127 225 178
4 0.016427226 187 0 224 32
4 0.015644602 101 0 136 30
4 0.015422545 185 69 222 121
4 0.014824148 50 0 83 33
16 0.0135248955 169 145 259 218
4 0.012268696 172 181 261 240
4 0.011770156 187 200 245 234
4 0.010829025 10 0 39 38
24 0.009820635 94 3 244 181
4 0.0072175995 211 178 254 215
4 0.0058400305 161 99 199 146
