4 0.38383815 123 104 168 150
4 0.21817781 101 95 165 160
4 0.17411582 117 107 179 183
4 0.12734637 128 118 168 170
4 0.11164098 113 119 148 169
4 0.020485556 99 87 199 218
4 0.019639079 192 0 231 34
4 0.01229981 40 212 80 240
4 0.011532681 187 208 235 240
4 0.010385614 5 201 38 240
4 0.009949944 100 0 130 35
4 0.007731858 129 79 170 120
4 0.0072662556 63 46 236 205
4 0.0070082475 179 0 244 45
4 0.0069392873 141 209 188 240
4 0.006515798 107 79 144 119
4 0.0063401395 174 194 251 240
4 0.0055783563 190 174 226 218
4 0.0053950264 61 0 88 34
4 0.0052714883 107 162 138 205
4 0.0052488907 77 65 182 188
4 0.005177829 143 0 176 32
