4 0.356476 127 62 208 128
4 0.09557107 138 70 193 118
4 0.053654384 109 59 222 177
4 0.048769105 139 87 188 135
4 0.029570384 165 69 212 117
4 0.02955767 170 92 209 136
4 0.020792598 153 76 222 148
16 0.01415849 75 187 146 240
22 0.0105228685 75 187 146 240
4 0.010294514 109 74 154 116
4 0.009678382 79 25 255 161
4 0.0073516825 120 85 204 211
16 0.0070609585 25 181 102 240
22 0.0069079837 6 157 120 240
4 0.006553154 108 90 150 136
4 0.0056526186 96 81 165 148
4 0.0056494176 287 0 316 41
4 0.0050944476 142 127 180 173
22 0.005028185 268 148 320 240
