4 0.6312279 148 48 209 110
4 0.09607781 177 209 228 239
4 0.09456304 140 211 195 240
4 0.037224326 185 178 225 217
4 0.030803824 168 159 240 227
4 0.029017342 149 178 186 213
4 0.02008001 167 196 239 240
4 0.019721406 147 133 181 175
4 0.01716125 129 87 211 216
4 0.016427342 218 206 264 237
4 0.013893171 223 175 257 217
4 0.011756662 156 89 238 218
4 0.008932614 183 137 218 176
4 0.007844301 92 60 245 239
4 0.007537284 85 213 147 240
4 0.0065410333 165 45 208 90
4 0.006116242 134 159 204 223
4 0.0058092605 126 32 224 138
4 0.0057254103 138 53 211 169
4 0.005053878 140 120 257 240
