4 0.6287245 49 0 238 177
13 0.074397765 49 0 238 177
8 0.056030374 49 0 238 177
16 0.03296662 36 0 229 175
4 0.024100536 47 0 175 48
11 0.018330839 36 0 229 175
17 0.015468998 36 0 229 175
14 0.011165229 36 0 229 175
4 0.010990864 41 5 101 36
4 0.010844599 183 119 218 173
4 0.010795001 168 65 222 161
4 0.01009533 152 10 228 170
24 0.008676763 36 0 229 175
6 0.0075226147 36 0 229 175
9 0.007221786 36 0 229 175
20 0.006860526 36 0 229 175
4 0.0059485286 185 94 217 155
4 0.0056698383 171 103 225 179
19 0.0052966787 36 0 229 175
