12 0.09842281 38 97 67 127
5 0.083266266 38 97 67 127
11 0.053862687 38 97 67 127
7 0.044846635 38 97 67 127
17 0.04339086 38 97 67 127
24 0.039978806 38 97 67 127
3 0.036553066 38 97 67 127
18 0.03462833 38 97 67 127
10 0.031006742 38 97 67 127
23 0.027076963 38 97 67 127
24 0.022182198 215 109 256 158
20 0.013741024 38 97 67 127
13 0.01174495 38 97 67 127
10 0.011167709 215 109 256 158
8 0.009548973 38 97 67 127
12 0.00887342 28 96 54 128
19 0.007515875 38 97 67 127
14 0.007016983 38 97 67 127
5 0.0069147535 214 109 265 173
21 0.006465741 38 97 67 127
18 0.0062764403 28 96 54 128
3 0.0062470143 214 109 265 173
4 0.0053026173 38 97 67 127
2 0.0052989125 38 97 67 127
17 0.005246896 28 96 54 128
16 0.005056802 38 97 67 127
