5 0.120359346 38 95 64 124
17 0.024649333 38 95 64 124
12 0.022690592 38 95 64 124
5 0.019572135 25 93 49 128
23 0.019317256 38 95 64 124
7 0.018788641 38 95 64 124
18 0.017871788 38 95 64 124
24 0.013581009 38 95 64 124
10 0.011726566 237 101 276 147
23 0.009096445 25 93 49 128
18 0.008252177 25 93 49 128
11 0.008177803 38 95 64 124
17 0.007669691 25 93 49 128
20 0.007531532 38 95 64 124
12 0.0069817286 25 93 49 128
19 0.006221184 38 95 64 124
10 0.0055690543 38 95 64 124
3 0.0054845503 38 95 64 124
