5 0.047257196 17 109 40 139
18 0.0413116 17 109 40 139
5 0.0282058 36 114 65 140
11 0.026939759 17 109 40 139
12 0.023691438 17 109 40 139
17 0.023503618 17 109 40 139
23 0.02252909 17 109 40 139
7 0.020046964 17 109 40 139
24 0.01902579 191 117 227 167
20 0.01685119 17 109 40 139
11 0.015360312 36 114 65 140
7 0.015229399 36 114 65 140
3 0.01522527 191 117 227 167
18 0.0149632795 36 114 65 140
4 0.014711975 17 109 40 139
24 0.012876225 17 109 40 139
23 0.011361083 36 114 65 140
10 0.010275328 17 109 40 139
1 0.008281382 266 106 320 240
17 0.0082171345 36 114 65 140
10 0.007886535 36 114 65 140
16 0.0067345574 191 117 227 167
19 0.006501404 17 109 40 139
12 0.0064768204 36 114 65 140
20 0.0061831144 36 114 65 140
4 0.006015225 36 114 65 140
8 0.0059720203 17 109 40 139
5 0.005600808 184 111 234 175
24 0.0055283066 36 114 65 140
