24 0.11720983 198 115 233 167
5 0.09990546 11 110 32 139
16 0.07471708 198 115 233 167
3 0.054155618 198 115 233 167
11 0.044474542 198 115 233 167
12 0.03194937 11 110 32 139
23 0.0317921 11 110 32 139
18 0.030256817 11 110 32 139
17 0.029756853 11 110 32 139
11 0.02655898 11 110 32 139
7 0.022557935 11 110 32 139
10 0.016928231 198 115 233 167
24 0.016582625 11 110 32 139
5 0.014621776 192 111 238 172
17 0.009905251 198 115 233 167
7 0.009527635 198 115 233 167
4 0.007934703 11 110 32 139
12 0.0076337727 198 115 233 167
20 0.0071976017 11 110 32 139
8 0.007000047 11 110 32 139
19 0.0066281524 11 110 32 139
10 0.005919267 11 110 32 139
2 0.0057452363 198 115 233 167
