17 0.5347613 154 53 256 168
17 0.113623366 155 64 191 104
19 0.07826891 151 49 257 171
16 0.06596881 154 53 256 168
17 0.033932563 144 52 209 123
4 0.028336288 151 49 257 171
20 0.022856746 151 49 257 171
24 0.018064013 151 49 257 171
17 0.015702624 148 46 193 84
11 0.013925289 151 49 257 171
12 0.012950375 151 49 257 171
17 0.0112655675 174 67 221 111
21 0.0067444565 151 49 257 171
8 0.0062090484 151 49 257 171
17 0.0056772158 157 94 189 133
5 0.0054958393 151 49 257 171
17 0.005107363 181 90 223 141
