24 0.094371 197 116 232 167
16 0.07487875 197 116 232 167
5 0.07132491 8 107 28 139
3 0.06264598 197 116 232 167
11 0.026307717 197 116 232 167
23 0.02248048 8 107 28 139
10 0.018151399 197 116 232 167
18 0.0168076 8 107 28 139
7 0.014664632 8 107 28 139
5 0.012527307 191 111 237 173
17 0.012061814 8 107 28 139
24 0.011333385 8 107 28 139
17 0.009670821 197 116 232 167
7 0.0085397735 197 116 232 167
12 0.007999107 8 107 28 139
11 0.007900271 8 107 28 139
10 0.0067341733 8 107 28 139
12 0.0063177245 197 116 232 167
