4 0.09863896 36 120 65 147
17 0.06401104 36 120 65 147
18 0.058431204 36 120 65 147
11 0.030877627 36 120 65 147
5 0.029386641 36 120 65 147
4 0.026767166 29 115 56 147
10 0.023352938 36 120 65 147
3 0.021135556 204 122 240 166
7 0.017877106 36 120 65 147
23 0.017125571 36 120 65 147
17 0.014471481 204 122 240 166
24 0.0140625145 204 122 240 166
17 0.013833158 29 115 56 147
24 0.013674055 36 120 65 147
18 0.013522851 29 115 56 147
10 0.012405261 204 122 240 166
16 0.012172454 204 122 240 166
5 0.0118364645 204 122 240 166
8 0.010534259 36 120 65 147
20 0.009755776 36 120 65 147
12 0.009006346 204 122 240 166
12 0.0089679295 36 120 65 147
14 0.007937068 36 120 65 147
13 0.007284349 36 120 65 147
11 0.0067781867 204 122 240 166
2 0.006306358 36 120 65 147
6 0.0060974387 36 120 65 147
