5 0.05657885 17 110 40 139
18 0.03884123 17 110 40 139
24 0.03708259 191 117 226 167
5 0.03360052 37 114 64 140
12 0.03041797 17 110 40 139
3 0.029585127 191 117 226 167
11 0.029067907 17 110 40 139
17 0.027781704 17 110 40 139
23 0.021870902 17 110 40 139
7 0.020199075 17 110 40 139
20 0.018303977 17 110 40 139
11 0.014497865 37 114 64 140
18 0.013962174 37 114 64 140
7 0.013959536 37 114 64 140
24 0.012465474 17 110 40 139
4 0.012020081 17 110 40 139
16 0.010918004 191 117 226 167
23 0.010866226 37 114 64 140
17 0.008807733 37 114 64 140
12 0.008273333 37 114 64 140
10 0.007935724 17 110 40 139
10 0.0065728836 191 117 226 167
5 0.0065321093 185 111 234 175
8 0.006295736 17 110 40 139
20 0.0062663807 37 114 64 140
19 0.0061854753 17 110 40 139
1 0.0061745946 266 107 320 240
12 0.005713494 191 117 226 167
10 0.005448939 37 114 64 140
11 0.0052501163 191 117 226 167
17 0.0050139786 191 117 226 167
