12 0.10207906 39 98 68 127
5 0.08554049 39 98 68 127
17 0.05004815 39 98 68 127
24 0.04083985 39 98 68 127
7 0.039235722 39 98 68 127
18 0.036970656 39 98 68 127
3 0.036148492 39 98 68 127
11 0.035767235 39 98 68 127
10 0.029006094 39 98 68 127
23 0.02505573 39 98 68 127
24 0.0162749 214 109 257 157
20 0.015505512 39 98 68 127
13 0.011596773 39 98 68 127
10 0.009907775 214 109 257 157
19 0.008421318 39 98 68 127
5 0.008008217 215 109 267 173
21 0.0070859133 39 98 68 127
8 0.0069009047 39 98 68 127
14 0.0065163737 39 98 68 127
