4 0.063310854 35 120 62 148
17 0.056987043 35 120 62 148
18 0.053971723 35 120 62 148
11 0.035235688 35 120 62 148
5 0.02735105 215 123 251 166
3 0.022853604 207 124 242 166
5 0.021095894 35 120 62 148
16 0.017312536 215 123 251 166
24 0.016533397 215 123 251 166
17 0.015368775 207 124 242 166
10 0.01426101 207 124 242 166
10 0.013849236 35 120 62 148
23 0.013559147 35 120 62 148
7 0.012945017 35 120 62 148
24 0.0124367885 35 120 62 148
11 0.012030467 207 124 242 166
12 0.011349427 207 124 242 166
20 0.010834766 35 120 62 148
23 0.010146575 215 123 251 166
8 0.007698578 35 120 62 148
4 0.0073676934 26 120 48 158
7 0.0072844685 215 123 251 166
