5 0.14890401 38 115 66 142
24 0.12979636 188 118 229 165
3 0.058143668 188 118 229 165
5 0.05513242 22 110 46 141
11 0.04719511 188 118 229 165
5 0.042799298 183 113 235 171
23 0.035308033 38 115 66 142
7 0.034140423 38 115 66 142
16 0.027620703 188 118 229 165
10 0.027466578 188 118 229 165
12 0.026642323 188 118 229 165
11 0.024262344 38 115 66 142
17 0.021949543 188 118 229 165
23 0.02165551 22 110 46 141
18 0.021188756 38 115 66 142
12 0.019295856 38 115 66 142
10 0.01915526 38 115 66 142
12 0.018271226 22 110 46 141
7 0.017765976 188 118 229 165
18 0.015976453 22 110 46 141
7 0.012713394 22 110 46 141
24 0.012572279 38 115 66 142
19 0.012516716 188 118 229 165
17 0.011917025 38 115 66 142
20 0.010819311 38 115 66 142
11 0.010375184 22 110 46 141
20 0.009634487 22 110 46 141
23 0.009572279 188 118 229 165
18 0.009188024 188 118 229 165
10 0.008635541 22 110 46 141
17 0.007868893 22 110 46 141
24 0.0073949927 22 110 46 141
1 0.0069412384 188 118 229 165
