17 0.05691504 35 120 62 148
4 0.0468158 35 120 62 148
18 0.04473755 35 120 62 148
3 0.03179225 215 123 251 166
16 0.030447345 215 123 251 166
5 0.028912982 215 123 251 166
11 0.028066443 35 120 62 148
24 0.025952974 215 123 251 166
17 0.018141063 215 123 251 166
5 0.016050242 35 120 62 148
11 0.014626649 215 123 251 166
10 0.013189451 208 123 242 166
10 0.012885514 35 120 62 148
24 0.011289906 35 120 62 148
12 0.010872003 215 123 251 166
23 0.010227195 215 123 251 166
7 0.009836789 35 120 62 148
20 0.009605092 35 120 62 148
7 0.00919184 215 123 251 166
23 0.008719922 35 120 62 148
4 0.0085186865 25 120 47 158
18 0.008410934 25 120 47 158
17 0.0078691635 25 120 47 158
