5 0.15282974 45 95 75 126
12 0.110522516 45 95 75 126
24 0.05123858 45 95 75 126
7 0.03762414 45 95 75 126
17 0.027462447 45 95 75 126
3 0.027189301 45 95 75 126
18 0.024472052 45 95 75 126
11 0.022369072 45 95 75 126
10 0.02015935 45 95 75 126
23 0.019196942 45 95 75 126
19 0.015350364 45 95 75 126
20 0.00922543 45 95 75 126
16 0.008197724 45 95 75 126
4 0.007972379 45 95 75 126
8 0.007140696 45 95 75 126
21 0.006782522 45 95 75 126
10 0.006251161 196 105 235 151
9 0.005509594 45 95 75 126
14 0.005405541 45 95 75 126
