5 0.09088234 38 95 63 124
17 0.030562585 38 95 63 124
18 0.023291603 38 95 63 124
12 0.021794843 38 95 63 124
7 0.019587452 38 95 63 124
23 0.016708883 38 95 63 124
24 0.014063395 38 95 63 124
10 0.013345642 237 101 277 147
5 0.011604998 26 93 49 128
20 0.0106275845 38 95 63 124
11 0.009544357 38 95 63 124
18 0.008408815 26 93 49 128
17 0.007405132 26 93 49 128
19 0.0073268996 38 95 63 124
23 0.006697388 26 93 49 128
3 0.005944956 38 95 63 124
10 0.0053949095 38 95 63 124
12 0.005274363 26 93 49 128
