5 0.110851526 37 100 60 129
12 0.07193138 37 100 60 129
17 0.057425473 37 100 60 129
18 0.046242554 37 100 60 129
12 0.03680353 30 99 52 129
11 0.03582761 37 100 60 129
24 0.033594556 37 100 60 129
23 0.02900296 37 100 60 129
18 0.028824722 30 99 52 129
3 0.027114226 37 100 60 129
17 0.026423426 30 99 52 129
7 0.024054723 37 100 60 129
10 0.02113585 37 100 60 129
5 0.019037101 30 99 52 129
20 0.017130582 37 100 60 129
11 0.015925113 30 99 52 129
20 0.012595952 30 99 52 129
23 0.011940265 30 99 52 129
24 0.008717355 30 99 52 129
3 0.008382947 30 99 52 129
13 0.00701528 37 100 60 129
19 0.006888265 37 100 60 129
8 0.0068668206 37 100 60 129
8 0.006576337 30 99 52 129
16 0.006450842 37 100 60 129
21 0.006200556 37 100 60 129
10 0.0058947233 30 99 52 129
7 0.005694907 30 99 52 129
2 0.0055604065 37 100 60 129
4 0.0052496362 37 100 60 129
14 0.0051688547 37 100 60 129
