5 0.114446975 10 109 30 140
24 0.08590943 199 117 234 166
3 0.07466067 199 117 234 166
16 0.07208173 199 117 234 166
23 0.026680017 10 109 30 140
11 0.025357565 199 117 234 166
18 0.01778908 10 109 30 140
12 0.017284583 10 109 30 140
7 0.016961452 10 109 30 140
17 0.016849164 10 109 30 140
10 0.015762918 199 117 234 166
24 0.013414739 10 109 30 140
11 0.011964326 10 109 30 140
5 0.011574747 192 112 239 173
17 0.008783823 199 117 234 166
12 0.008447054 199 117 234 166
7 0.0069817817 199 117 234 166
10 0.0050429343 10 109 30 140
