18 0.11047069 52 122 80 148
4 0.072004035 52 122 80 148
17 0.060461316 52 122 80 148
11 0.025571115 52 122 80 148
5 0.02236219 52 122 80 148
12 0.02131297 52 122 80 148
23 0.018030526 52 122 80 148
20 0.01782615 52 122 80 148
8 0.014154103 52 122 80 148
7 0.01218106 52 122 80 148
3 0.011057881 202 122 238 166
13 0.008928086 52 122 80 148
10 0.008282817 52 122 80 148
14 0.007655895 52 122 80 148
2 0.007484626 52 122 80 148
6 0.00725609 55 125 81 152
10 0.0061689704 202 122 238 166
24 0.005963131 52 122 80 148
24 0.005634279 202 122 238 166
12 0.0054935026 202 122 238 166
