4 0.12646113 35 120 64 147
18 0.107900284 35 120 64 147
17 0.08395997 35 120 64 147
5 0.03254685 35 120 64 147
11 0.030016206 35 120 64 147
3 0.021423519 206 122 242 166
7 0.019552726 35 120 64 147
20 0.017750304 35 120 64 147
10 0.017657392 35 120 64 147
23 0.016427733 35 120 64 147
5 0.016313296 214 122 252 166
24 0.015972553 35 120 64 147
24 0.01401695 206 122 242 166
10 0.013565389 206 122 242 166
12 0.013084073 35 120 64 147
17 0.012786741 206 122 242 166
16 0.011665159 206 122 242 166
8 0.011343436 35 120 64 147
14 0.010325459 35 120 64 147
12 0.009948572 206 122 242 166
13 0.009244522 35 120 64 147
6 0.007069814 35 120 64 147
11 0.006307206 206 122 242 166
19 0.006244003 35 120 64 147
2 0.0060120355 35 120 64 147
7 0.005262977 214 122 252 166
23 0.005067069 206 122 242 166
