5 0.087070644 40 98 66 127
12 0.08322381 40 98 66 127
17 0.080360934 40 98 66 127
18 0.058845557 40 98 66 127
11 0.052830297 40 98 66 127
3 0.05035467 40 98 66 127
24 0.03956047 40 98 66 127
7 0.033147037 40 98 66 127
20 0.03258317 40 98 66 127
23 0.020280203 40 98 66 127
24 0.019964544 217 109 257 157
10 0.017407635 40 98 66 127
19 0.013712028 40 98 66 127
8 0.011702783 40 98 66 127
4 0.011646174 40 98 66 127
14 0.011252288 40 98 66 127
16 0.010136557 40 98 66 127
21 0.008883065 40 98 66 127
10 0.008635196 217 109 257 157
13 0.0066136704 40 98 66 127
6 0.005645525 40 98 66 127
