5 0.1566132 39 95 63 125
17 0.03390452 39 95 63 125
12 0.025793063 39 95 63 125
7 0.022979315 39 95 63 125
23 0.022776142 39 95 63 125
18 0.02259557 39 95 63 125
10 0.018122854 238 100 276 147
24 0.017693887 39 95 63 125
5 0.016040767 27 93 51 128
11 0.010813463 39 95 63 125
20 0.00965459 39 95 63 125
19 0.008007047 39 95 63 125
17 0.007633182 27 93 51 128
18 0.0075759087 27 93 51 128
23 0.007560818 27 93 51 128
24 0.007031864 238 100 276 147
10 0.006656437 39 95 63 125
12 0.0064544864 27 93 51 128
3 0.006286149 39 95 63 125
