5 0.105066136 37 99 61 128
17 0.09302127 37 99 61 128
12 0.081833355 37 99 61 128
18 0.06248823 37 99 61 128
11 0.046031695 37 99 61 128
3 0.039825913 37 99 61 128
24 0.039705355 37 99 61 128
7 0.030644812 37 99 61 128
20 0.029510088 37 99 61 128
23 0.01999032 37 99 61 128
10 0.013669833 37 99 61 128
19 0.009819529 37 99 61 128
16 0.008352432 37 99 61 128
8 0.007995281 37 99 61 128
4 0.0072629945 37 99 61 128
14 0.0067253737 37 99 61 128
21 0.0066995188 37 99 61 128
3 0.005775211 220 115 256 165
