5 0.04286403 19 110 42 139
11 0.042409644 19 110 42 139
18 0.036278527 19 110 42 139
23 0.031231716 19 110 42 139
12 0.022728102 19 110 42 139
17 0.022416594 19 110 42 139
5 0.020958006 35 114 63 141
11 0.019776067 35 114 63 141
7 0.018854367 19 110 42 139
3 0.015678627 192 117 228 167
24 0.01567044 192 117 228 167
20 0.014158174 19 110 42 139
4 0.01350017 19 110 42 139
23 0.012837399 35 114 63 141
7 0.012697999 35 114 63 141
18 0.011839292 35 114 63 141
10 0.009456348 19 110 42 139
24 0.009283299 19 110 42 139
8 0.0087037105 19 110 42 139
1 0.007607643 265 109 320 240
17 0.006654517 35 114 63 141
10 0.0063705915 35 114 63 141
14 0.005620451 19 110 42 139
16 0.0055453912 192 117 228 167
19 0.0053109056 19 110 42 139
12 0.005261072 35 114 63 141
