4 0.07444131 41 121 68 148
18 0.066221416 41 121 68 148
17 0.05136423 41 121 68 148
11 0.02405907 41 121 68 148
5 0.019835033 41 121 68 148
10 0.017698754 41 121 68 148
23 0.015313298 41 121 68 148
7 0.013633205 41 121 68 148
20 0.010686013 41 121 68 148
8 0.009446931 41 121 68 148
24 0.008444082 41 121 68 148
13 0.007723479 41 121 68 148
12 0.0073476364 41 121 68 148
14 0.007099165 41 121 68 148
4 0.0068696667 28 115 53 148
6 0.0057861223 41 121 68 148
2 0.005509264 41 121 68 148
3 0.0051488043 199 123 237 166
