4 0.087471575 36 120 64 147
18 0.08182699 36 120 64 147
17 0.06506526 36 120 64 147
11 0.034532044 36 120 64 147
5 0.03230908 36 120 64 147
3 0.023782382 206 122 242 166
7 0.022351043 36 120 64 147
10 0.020773467 36 120 64 147
24 0.01828335 206 122 242 166
23 0.018246686 36 120 64 147
24 0.017520025 36 120 64 147
5 0.016345961 214 122 252 166
17 0.015432503 206 122 242 166
10 0.015310915 206 122 242 166
16 0.014592531 206 122 242 166
20 0.013611858 36 120 64 147
8 0.011978138 36 120 64 147
12 0.011823616 36 120 64 147
12 0.010750195 206 122 242 166
11 0.009833791 206 122 242 166
14 0.008213029 36 120 64 147
13 0.008078237 36 120 64 147
2 0.006703947 36 120 64 147
6 0.006411301 36 120 64 147
7 0.005884892 214 122 252 166
19 0.0053994097 36 120 64 147
5 0.0053587724 198 117 248 174
