6 0.2787919 126 141 199 213
4 0.10888391 126 141 199 213
4 0.07861129 137 144 185 189
20 0.07305272 128 135 195 200
6 0.055189494 175 6 227 103
20 0.040951524 137 144 185 189
17 0.028621372 137 144 185 189
6 0.02692362 137 144 185 189
23 0.026045462 126 141 199 213
6 0.024363445 33 8 87 96
8 0.021902848 126 141 199 213
13 0.02162378 126 141 199 213
6 0.016841512 141 7 198 103
6 0.013515989 169 16 232 151
14 0.012518456 126 141 199 213
6 0.012308848 104 109 214 217
17 0.010870255 126 141 199 213
6 0.009808703 127 23 196 156
6 0.009393868 4 2 43 101
1 0.007375377 126 141 199 213
