6 0.21089694 129 134 194 200
4 0.11928176 138 143 183 189
4 0.11810089 126 140 200 213
20 0.07049954 129 134 194 200
6 0.04593152 181 7 232 104
13 0.03636428 126 140 200 213
17 0.03548109 138 143 183 189
20 0.03496783 138 143 183 189
23 0.028233761 126 140 200 213
6 0.021122467 108 130 215 232
6 0.019378223 138 143 183 189
8 0.018966373 129 134 194 200
14 0.01595318 126 140 200 213
6 0.010972415 36 9 88 97
6 0.010951314 173 18 235 150
17 0.009776455 129 134 194 200
6 0.009141929 124 25 196 156
6 0.006583794 76 91 246 230
6 0.0052138628 86 8 147 100
6 0.00514368 137 9 196 103
1 0.005113127 126 140 200 213
